Code_for_CTD/Code/CTD_measurements/CTD7708-20241018-MIR-5.cnv
* Sea-Bird SBE19plus Data File:
* FileName = C:\CTD\CTD7708-20241018-MIR-5.hex
* Software Version 1.59
* Temperature SN =  7708
* Conductivity SN =  7708
* System UpLoad Time = Oct 18 2024 09:07:27
* ds
* SBE 19plus V 3.1.8  SERIAL NO. 7708    18 Oct 2024 09:08:18
# nquan = 10
# nvalues = 3065                                  
# units = specified
# name 0 = timeJ: Julian Days
# name 1 = prdM: Pressure, Strain Gauge [db]
# name 2 = tv290C: Temperature [ITS-90, deg C]
# name 3 = c0mS/cm: Conductivity [mS/cm]
# name 4 = par: PAR/Irradiance, Biospherical/Licor
# name 5 = sbeox0ML/L: Oxygen, SBE 43 [ml/l]
# name 6 = seaTurbMtr: Turbidity, Seapoint [FTU]
# name 7 = sbeox0Mm/L: Oxygen, SBE 43 [umol/l]
# name 8 = sal00: Salinity, Practical [PSU]
# name 9 = flag:  0.000e+00
# span 0 = 292.363519, 292.372384                 
# span 1 =     -0.039,    207.619                 
# span 2 =    13.8982,    20.3431                 
# span 3 =   0.136497,  52.299867                 
# span 4 = 1.0000e-12, 4.8984e+02                 
# span 5 =     3.7566,     5.9000                 
# span 6 =      0.000,    111.351                 
# span 7 =    167.771,    263.494                 
# span 8 =     0.0770,    39.5037                 
# span 9 = 0.0000e+00, 0.0000e+00                 
# interval = seconds: 0.25
# start_time = Oct 18 2024 08:43:28 [Instrument's time stamp, header]
# bad_flag = -9.990e-29
*END*
[from data line 1010]
 292.366441     70.279    18.6618  50.505891 1.0000e-12     4.7527      0.713    212.255    38.3191  0.000e+00
 292.366444     70.134    18.6842  50.568246 1.0000e-12     4.7713      0.734    213.086    38.3515  0.000e+00
 292.366447     70.024    18.7133  50.612295 1.0000e-12     4.7831      0.755    213.612    38.3620  0.000e+00
 292.366450     69.989    18.7513  50.622653 1.0000e-12     4.7980      0.853    214.278    38.3356  0.000e+00
 292.366453     70.080    18.7806  50.647729 1.0000e-12     4.8119      1.123    214.900    38.3296  0.000e+00
 292.366455     70.292    18.8054  50.538890 1.0000e-12     4.8253      0.765    215.499    38.2138  0.000e+00
 292.366458     70.583    18.7897  50.397672 1.0000e-12     4.8351      0.811    215.937    38.1079  0.000e+00
 292.366461     70.909    18.7206  50.268626 1.0000e-12     4.8391      0.738    216.115    38.0616  0.000e+00
 292.366464     71.236    18.6279  50.125073 1.0000e-12     4.8394      0.793    216.128    38.0247  0.000e+00
 292.366467     71.527    18.5176  49.964037 1.0000e-12     4.8362      0.612    215.983    37.9888  0.000e+00
 292.366470     71.779    18.3880  49.489106 1.0000e-12     4.8414      0.532    216.219    37.7014  0.000e+00
 292.366473     72.016    18.1624  49.317992 1.0000e-12     4.8402      0.536    216.165    37.7622  0.000e+00
 292.366476     72.248    17.9182  48.971481 1.0000e-12     4.8363      0.669    215.989    37.6888  0.000e+00
 292.366479     72.499    17.6636  48.726016 1.0000e-12     4.8379      0.578    216.060    37.7118  0.000e+00
 292.366481     72.777    17.4078  48.689052 1.0000e-12     4.8314      0.511    215.770    37.9184  0.000e+00
 292.366484     73.104    17.2347  48.666555 1.0000e-12     4.8265      0.496    215.551    38.0615  0.000e+00
 292.366487     73.468    17.1352  48.637353 1.0000e-12     4.8330      0.551    215.841    38.1298  0.000e+00
 292.366490     73.856    17.0739  48.572894 1.0000e-12     4.8488      0.637    216.548    38.1309  0.000e+00
 292.366493     74.211    17.0200  48.505195 1.0000e-12     4.8776      0.557    217.833    38.1220  0.000e+00
 292.366496     74.533    16.9645  48.431562 1.0000e-12     4.9029      0.502    218.962    38.1095  0.000e+00
 292.366499     74.829    16.9018  48.406964 1.0000e-12     4.9297      0.668    220.162    38.1472  0.000e+00
 292.366502     75.073    16.8502  48.381659 1.0000e-12     4.9567      0.546    221.366    38.1738  0.000e+00
 292.366505     75.285    16.8106  48.362116 1.0000e-12     4.9804      0.639    222.424    38.1941  0.000e+00
 292.366508     75.434    16.7801  48.333334 1.0000e-12     4.9955      0.557    223.099    38.1975  0.000e+00
 292.366510     75.532    16.7539  48.318557 1.0000e-12     5.0082      0.639    223.664    38.2093  0.000e+00
 292.366513     75.579    16.7337  48.320835 1.0000e-12     5.0124      0.509    223.853    38.2307  0.000e+00
 292.366516     75.584    16.7221  48.334339 1.0000e-12     5.0101      0.628    223.750    38.2538  0.000e+00
 292.366519     75.554    16.7203  48.355662 1.0000e-12     5.0131      0.536    223.886    38.2745  0.000e+00
 292.366522     75.525    16.7281  48.356443 1.0000e-12     5.0121      0.486    223.843    38.2678  0.000e+00
 292.366525     75.528    16.7353  48.328367 1.0000e-12     5.0133      0.597    223.895    38.2359  0.000e+00
 292.366528     75.579    16.7309  48.304421 1.0000e-12     5.0069      0.816    223.608    38.2187  0.000e+00
 292.366531     75.699    16.7185  48.286378 1.0000e-12     5.0089      0.622    223.698    38.2145  0.000e+00
 292.366534     75.882    16.7031  48.264076 1.0000e-12     5.0119      0.591    223.831    38.2093  0.000e+00
 292.366536     76.099    16.6868  48.237164 1.0000e-12     5.0098      0.631    223.736    38.2008  0.000e+00
 292.366539     76.322    16.6668  48.216222 1.0000e-12     5.0057      0.750    223.555    38.2011  0.000e+00
 292.366542     76.516    16.6457  48.192942 1.0000e-12     5.0073      0.673    223.624    38.2005  0.000e+00
 292.366545     76.653    16.6241  48.189822 1.0000e-12     5.0047      0.546    223.511    38.2184  0.000e+00
 292.366548     76.726    16.6082  48.189399 1.0000e-12     4.9989      0.669    223.251    38.2332  0.000e+00
 292.366551     76.759    16.5998  48.182942 1.0000e-12     4.9911      0.578    222.901    38.2354  0.000e+00
 292.366554     76.780    16.5946  48.190040 1.0000e-12     4.9858      0.526    222.664    38.2467  0.000e+00
 292.366557     76.847    16.5928  48.180246 1.0000e-12     4.9836      0.561    222.565    38.2397  0.000e+00
 292.366560     77.000    16.5906  48.146539 1.0000e-12     4.9839      0.628    222.582    38.2117  0.000e+00
 292.366562     77.250    16.5782  48.128521 1.0000e-12     4.9878      0.557    222.755    38.2074  0.000e+00
 292.366565     77.594    16.5616  48.094407 1.0000e-12     4.9878      0.639    222.756    38.1926  0.000e+00
 292.366568     78.014    16.5399  48.020537 1.0000e-12     4.9949      0.572    223.074    38.1472  0.000e+00
 292.366571     78.444    16.5022  47.886457 1.0000e-12     5.0001      0.572    223.303    38.0632  0.000e+00
 292.366574     78.839    16.4300  47.790941 1.0000e-12     5.0041      0.515    223.482    38.0466  0.000e+00
 292.366577     79.156    16.3421  47.770375 1.0000e-12     5.0037      0.496    223.464    38.1122  0.000e+00
 292.366580     79.412    16.2754  47.756455 1.0000e-12     5.0001      0.505    223.303    38.1636  0.000e+00
 292.366583     79.589    16.2320  47.703089 1.0000e-12     4.9974      0.515    223.182    38.1573  0.000e+00
 292.366586     79.720    16.1903  47.619162 1.0000e-12     4.9949      0.557    223.072    38.1217  0.000e+00
 292.366589     79.816    16.1363  47.616275 1.0000e-12     4.9902      0.420    222.862    38.1711  0.000e+00
 292.366591     79.879    16.0927  47.601735 1.0000e-12     4.9848      0.603    222.622    38.1999  0.000e+00
 292.366594     79.937    16.0672  47.564320 1.0000e-12     4.9854      0.439    222.646    38.1908  0.000e+00
 292.366597     79.977    16.0385  47.572090 1.0000e-12     4.9777      0.425    222.306    38.2255  0.000e+00
 292.366600     80.024    16.0231  47.547316 1.0000e-12     4.9752      0.444    222.191    38.2179  0.000e+00
 292.366603     80.078    16.0074  47.528687 1.0000e-12     4.9638      0.481    221.685    38.2162  0.000e+00
 292.366606     80.147    15.9914  47.507733 1.0000e-12     4.9596      0.679    221.496    38.2127  0.000e+00
 292.366609     80.236    15.9742  47.484949 1.0000e-12     4.9536      0.484    221.229    38.2087  0.000e+00
 292.366612     80.378    15.9548  47.465978 1.0000e-12     4.9516      0.481    221.138    38.2102  0.000e+00
 292.366615     80.570    15.9352  47.436082 1.0000e-12     4.9461      0.566    220.893    38.2020  0.000e+00
 292.366617     80.814    15.9136  47.410141 1.0000e-12     4.9480      0.496    220.979    38.1993  0.000e+00
 292.366620     81.113    15.8892  47.402110 1.0000e-12     4.9461      0.490    220.893    38.2155  0.000e+00
 292.366623     81.472    15.8700  47.390555 1.0000e-12     4.9433      0.576    220.766    38.2235  0.000e+00
 292.366626     81.833    15.8558  47.372587 1.0000e-12     4.9400      0.633    220.618    38.2207  0.000e+00
 292.366629     82.179    15.8403  47.350184 1.0000e-12     4.9362      0.704    220.452    38.2153  0.000e+00
 292.366632     82.492    15.8227  47.345045 1.0000e-12     4.9361      0.622    220.447    38.2276  0.000e+00
 292.366635     82.759    15.8087  47.340610 1.0000e-12     4.9313      0.654    220.230    38.2370  0.000e+00
 292.366638     82.971    15.7986  47.336456 1.0000e-12     4.9284      0.679    220.101    38.2429  0.000e+00
 292.366641     83.127    15.7911  47.338712 1.0000e-12     4.9256      0.618    219.976    38.2522  0.000e+00
 292.366644     83.219    15.7871  47.331668 1.0000e-12     4.9234      0.658    219.880    38.2496  0.000e+00
 292.366646     83.257    15.7834  47.330683 1.0000e-12     4.9188      0.570    219.672    38.2523  0.000e+00
 292.366649     83.263    15.7810  47.338996 1.0000e-12     4.9174      0.551    219.610    38.2621  0.000e+00
 292.366652     83.259    15.7819  47.339348 1.0000e-12     4.9177      0.639    219.624    38.2616  0.000e+00
 292.366655     83.295    15.7840  47.330683 1.0000e-12     4.9140      0.628    219.459    38.2516  0.000e+00
 292.366658     83.386    15.7828  47.317863 1.0000e-12     4.9104      0.649    219.298    38.2412  0.000e+00
 292.366661     83.553    15.7783  47.312723 1.0000e-12     4.9062      0.662    219.113    38.2408  0.000e+00
 292.366664     83.776    15.7721  47.307935 1.0000e-12     4.9037      0.725    219.000    38.2424  0.000e+00
 292.366667     84.044    15.7663  47.300613 1.0000e-12     4.9042      0.700    219.021    38.2412  0.000e+00
 292.366670     84.325    15.7598  47.298009 1.0000e-12     4.9045      0.725    219.033    38.2450  0.000e+00
 292.366672     84.577    15.7541  47.290054 1.0000e-12     4.9030      0.725    218.968    38.2432  0.000e+00
 292.366675     84.780    15.7479  47.282380 1.0000e-12     4.9062      0.723    219.113    38.2422  0.000e+00
 292.366678     84.921    15.7402  47.269567 1.0000e-12     4.9053      0.952    219.072    38.2379  0.000e+00
 292.366681     84.991    15.7313  47.261613 1.0000e-12     4.9025      0.652    218.946    38.2393  0.000e+00
 292.366684     85.022    15.7231  47.272176 1.0000e-12     4.9032      0.624    218.978    38.2569  0.000e+00
 292.366687     85.031    15.7208  47.276682 1.0000e-12     4.9003      0.587    218.848    38.2632  0.000e+00
 292.366690     85.086    15.7223  47.265135 1.0000e-12     4.8986      0.652    218.770    38.2512  0.000e+00
 292.366693     85.196    15.7212  47.253942 1.0000e-12     4.8988      0.828    218.783    38.2421  0.000e+00
 292.366696     85.397    15.7154  47.244371 1.0000e-12     4.8947      0.765    218.598    38.2389  0.000e+00
 292.366698     85.671    15.7076  47.240220 1.0000e-12     4.8965      0.689    218.677    38.2426  0.000e+00
 292.366701     85.993    15.7006  47.240504 1.0000e-12     4.8989      0.662    218.786    38.2495  0.000e+00
 292.366704     86.352    15.6961  47.240225 1.0000e-12     4.8952      0.683    218.622    38.2535  0.000e+00
 292.366707     86.722    15.6937  47.239594 1.0000e-12     4.8941      0.698    218.569    38.2550  0.000e+00
 292.366710     87.074    15.6924  47.239877 1.0000e-12     4.8980      0.668    218.746    38.2564  0.000e+00
 292.366713     87.375    15.6911  47.239878 1.0000e-12     4.8948      0.679    218.603    38.2575  0.000e+00
 292.366716     87.641    15.6904  47.240232 1.0000e-12     4.8967      0.704    218.689    38.2584  0.000e+00
 292.366719     87.860    15.6898  47.242626 1.0000e-12     4.8981      0.643    218.747    38.2611  0.000e+00
 292.366722     88.043    15.6897  47.240867 1.0000e-12     4.8922      0.658    218.486    38.2595  0.000e+00
 292.366725     88.181    15.6901  47.239601 1.0000e-12     4.8924      0.622    218.495    38.2579  0.000e+00
 292.366727     88.312    15.6899  47.239601 1.0000e-12     4.8895      0.593    218.365    38.2580  0.000e+00
 292.366730     88.462    15.6894  47.238969 1.0000e-12     4.8844      0.740    218.137    38.2579  0.000e+00
 292.366733     88.622    15.6894  47.236998 1.0000e-12     4.8804      0.694    217.959    38.2561  0.000e+00
 292.366736     88.806    15.6887  47.235732 1.0000e-12     4.8771      0.713    217.811    38.2555  0.000e+00
 292.366739     89.000    15.6871  47.228062 1.0000e-12     4.8737      0.698    217.659    38.2500  0.000e+00
 292.366742     89.174    15.6838  47.214058 1.0000e-12     4.8736      0.738    217.655    38.2404  0.000e+00
 292.366745     89.319    15.6762  47.211175 1.0000e-12     4.8666      0.689    217.341    38.2451  0.000e+00
 292.366748     89.440    15.6691  47.210191 1.0000e-12     4.8756      0.723    217.744    38.2510  0.000e+00
 292.366751     89.549    15.6646  47.208644 1.0000e-12     4.8764      0.677    217.779    38.2539  0.000e+00
 292.366753     89.674    15.6616  47.204775 1.0000e-12     4.8768      0.879    217.799    38.2532  0.000e+00
 292.366756     89.796    15.6591  47.201962 1.0000e-12     4.8843      0.755    218.133    38.2531  0.000e+00
 292.366759     89.924    15.6564  47.200344 1.0000e-12     4.8739      0.738    217.667    38.2541  0.000e+00
 292.366762     90.044    15.6538  47.198094 1.0000e-12     4.8724      0.780    217.602    38.2546  0.000e+00
 292.366765     90.145    15.6514  47.196828 1.0000e-12     4.8756      0.607    217.743    38.2558  0.000e+00
 292.366768     90.234    15.6494  47.196829 1.0000e-12     4.8684      0.618    217.425    38.2576  0.000e+00
 292.366771     90.336    15.6484  47.194929 1.0000e-12     4.8679      0.593    217.399    38.2569  0.000e+00
 292.366774     90.477    15.6473  47.189513 1.0000e-12     4.8700      0.593    217.492    38.2529  0.000e+00
 292.366777     90.671    15.6447  47.181845 1.0000e-12     4.8644      0.668    217.244    38.2483  0.000e+00
 292.366780     90.919    15.6397  47.169747 1.0000e-12     4.8697      0.710    217.479    38.2421  0.000e+00
 292.366782     91.216    15.6320  47.160465 1.0000e-12     4.8706      0.643    217.523    38.2410  0.000e+00
 292.366785     91.559    15.6229  47.150621 1.0000e-12     4.8662      0.668    217.324    38.2407  0.000e+00
 292.366788     91.882    15.6135  47.135011 1.0000e-12     4.8636      0.662    217.207    38.2355  0.000e+00
 292.366791     92.170    15.6012  47.130233 1.0000e-12     4.8691      0.692    217.453    38.2429  0.000e+00
 292.366794     92.433    15.5904  47.124821 1.0000e-12     4.8647      0.649    217.256    38.2484  0.000e+00
 292.366797     92.657    15.5825  47.119128 1.0000e-12     4.8674      0.683    217.376    38.2508  0.000e+00
 292.366800     92.850    15.5756  47.118427 1.0000e-12     4.8668      1.169    217.350    38.2568  0.000e+00
 292.366803     93.022    15.5707  47.113717 1.0000e-12     4.8633      0.673    217.195    38.2572  0.000e+00
 292.366806     93.161    15.5670  47.112734 1.0000e-12     4.8631      0.673    217.184    38.2599  0.000e+00
 292.366808     93.284    15.5645  47.112735 1.0000e-12     4.8587      0.723    216.990    38.2622  0.000e+00
 292.366811     93.388    15.5629  47.112736 1.0000e-12     4.8566      0.652    216.896    38.2637  0.000e+00
 292.366814     93.480    15.5622  47.112104 1.0000e-12     4.8459      0.652    216.416    38.2638  0.000e+00
 292.366817     93.569    15.5615  47.111753 1.0000e-12     4.8443      0.593    216.346    38.2641  0.000e+00
 292.366820     93.672    15.5610  47.111120 1.0000e-12     4.8417      0.618    216.231    38.2639  0.000e+00
 292.366823     93.797    15.5609  47.110488 1.0000e-12     4.8379      0.633    216.059    38.2635  0.000e+00
 292.366826     93.959    15.5603  47.106341 1.0000e-12     4.8343      0.723    215.899    38.2601  0.000e+00
 292.366829     94.147    15.5588  47.105077 1.0000e-12     4.8340      0.689    215.884    38.2604  0.000e+00
 292.366832     94.363    15.5567  47.104797 1.0000e-12     4.8308      0.944    215.742    38.2621  0.000e+00
 292.366834     94.598    15.5551  47.104798 1.0000e-12     4.8330      0.683    215.842    38.2635  0.000e+00
 292.366837     94.856    15.5540  47.104167 1.0000e-12     4.8340      0.877    215.885    38.2640  0.000e+00
 292.366840     95.111    15.5529  47.100934 1.0000e-12     4.8365      0.685    216.000    38.2620  0.000e+00
 292.366843     95.350    15.5512  47.099037 1.0000e-12     4.8392      0.662    216.119    38.2618  0.000e+00
 292.366846     95.559    15.5493  47.098406 1.0000e-12     4.8437      0.753    216.321    38.2629  0.000e+00
 292.366849     95.715    15.5473  47.097141 1.0000e-12     4.8482      0.738    216.521    38.2637  0.000e+00
 292.366852     95.827    15.5459  47.094260 1.0000e-12     4.8495      0.830    216.579    38.2624  0.000e+00
