Code_for_CTD/Code/CTD_measurements/CTD7708-20241015-MIR-1.cnv
* Sea-Bird SBE19plus Data File:
* FileName = C:\CTD\CTD7708-20241015-MIR-1.hex
* Software Version 1.59
* Temperature SN =  7708
* Conductivity SN =  7708
* System UpLoad Time = Oct 15 2024 08:52:56
* ds
* SBE 19plus V 3.1.8  SERIAL NO. 7708    15 Oct 2024 08:52:31
# nquan = 10
# nvalues = 6498                                  
# units = specified
# name 0 = timeJ: Julian Days
# name 1 = prdM: Pressure, Strain Gauge [db]
# name 2 = tv290C: Temperature [ITS-90, deg C]
# name 3 = c0mS/cm: Conductivity [mS/cm]
# name 4 = par: PAR/Irradiance, Biospherical/Licor
# name 5 = sbeox0ML/L: Oxygen, SBE 43 [ml/l]
# name 6 = seaTurbMtr: Turbidity, Seapoint [FTU]
# name 7 = sbeox0Mm/L: Oxygen, SBE 43 [umol/l]
# name 8 = sal00: Salinity, Practical [PSU]
# name 9 = flag:  0.000e+00
# span 0 = 289.348368, 289.367167                 
# span 1 =     -0.048,    463.058                 
# span 2 =    13.8920,    19.7881                 
# span 3 =  -1.291147,  51.693101                 
# span 4 = 1.0000e-12, 2.7402e+02                 
# span 5 =     3.6148,     6.1147                 
# span 6 =      0.000,    120.106                 
# span 7 =    161.435,    273.082                 
# span 8 =     0.0000,    38.6781                 
# span 9 = 0.0000e+00, 0.0000e+00                 
# interval = seconds: 0.25
# start_time = Oct 15 2024 08:21:39 [Instrument's time stamp, header]
# bad_flag = -9.990e-29
*END*
[from data line 4901]
 289.362549    285.783    13.9738  45.905057 1.0000e-12     3.8013      0.280    169.767    38.6294  0.000e+00
 289.362552    285.748    13.9736  45.905057 1.0000e-12     3.8016      0.248    169.778    38.6296  0.000e+00
 289.362555    285.652    13.9738  45.905056 1.0000e-12     3.8056      0.263    169.957    38.6294  0.000e+00
 289.362558    285.485    13.9738  45.905056 1.0000e-12     3.8048      0.303    169.924    38.6295  0.000e+00
 289.362561    285.245    13.9738  45.904776 1.0000e-12     3.8057      0.294    169.963    38.6294  0.000e+00
 289.362564    284.966    13.9738  45.904775 1.0000e-12     3.8075      0.280    170.044    38.6295  0.000e+00
 289.362567    284.686    13.9738  45.904426 1.0000e-12     3.8068      0.328    170.012    38.6294  0.000e+00
 289.362569    284.432    13.9738  45.904147 1.0000e-12     3.8039      0.414    169.881    38.6291  0.000e+00
 289.362572    284.216    13.9738  45.904146 1.0000e-12     3.8041      0.273    169.891    38.6292  0.000e+00
 289.362575    284.055    13.9738  45.903519 1.0000e-12     3.8033      0.303    169.853    38.6287  0.000e+00
 289.362578    283.944    13.9738  45.903241 1.0000e-12     3.8060      0.303    169.978    38.6285  0.000e+00
 289.362581    283.880    13.9738  45.903240 1.0000e-12     3.8094      0.273    170.128    38.6286  0.000e+00
 289.362584    283.848    13.9737  45.902893 1.0000e-12     3.8084      0.250    170.083    38.6284  0.000e+00
 289.362587    283.837    13.9737  45.902893 1.0000e-12     3.8117      0.414    170.231    38.6284  0.000e+00
 289.362590    283.824    13.9735  45.902614 1.0000e-12     3.8112      0.296    170.207    38.6283  0.000e+00
 289.362593    283.760    13.9735  45.902614 1.0000e-12     3.8144      0.273    170.353    38.6283  0.000e+00
 289.362595    283.610    13.9735  45.902892 1.0000e-12     3.8133      0.256    170.301    38.6286  0.000e+00
 289.362598    283.372    13.9735  45.902891 1.0000e-12     3.8117      0.320    170.229    38.6287  0.000e+00
 289.362601    283.094    13.9737  45.902263 1.0000e-12     3.8084      0.282    170.082    38.6281  0.000e+00
 289.362604    282.796    13.9738  45.901984 1.0000e-12     3.8108      0.275    170.192    38.6279  0.000e+00
 289.362607    282.533    13.9737  45.901983 1.0000e-12     3.8113      0.311    170.211    38.6281  0.000e+00
 289.362610    282.334    13.9735  45.901634 1.0000e-12     3.8121      0.296    170.248    38.6280  0.000e+00
 289.362613    282.223    13.9736  45.901355 1.0000e-12     3.8106      0.324    170.181    38.6277  0.000e+00
 289.362616    282.163    13.9736  45.901007 1.0000e-12     3.8153      0.233    170.393    38.6274  0.000e+00
 289.362619    282.132    13.9736  45.900451 1.0000e-12     3.8123      0.257    170.256    38.6269  0.000e+00
 289.362622    282.096    13.9734  45.900451 1.0000e-12     3.8177      0.280    170.501    38.6271  0.000e+00
 289.362624    282.023    13.9735  45.900103 1.0000e-12     3.8169      0.273    170.461    38.6268  0.000e+00
 289.362627    281.909    13.9737  45.900102 1.0000e-12     3.8172      1.026    170.476    38.6266  0.000e+00
 289.362630    281.744    13.9736  45.900449 1.0000e-12     3.8169      0.439    170.463    38.6271  0.000e+00
 289.362633    281.528    13.9736  45.900101 1.0000e-12     3.8174      0.282    170.486    38.6268  0.000e+00
 289.362636    281.279    13.9735  45.899821 1.0000e-12     3.8172      0.256    170.477    38.6267  0.000e+00
 289.362639    281.018    13.9735  45.899820 1.0000e-12     3.8148      0.263    170.367    38.6269  0.000e+00
 289.362642    280.758    13.9735  45.899471 1.0000e-12     3.8163      0.271    170.437    38.6266  0.000e+00
 289.362645    280.531    13.9735  45.899192 1.0000e-12     3.8090      0.273    170.108    38.6266  0.000e+00
 289.362648    280.351    13.9735  45.898844 1.0000e-12     3.8099      0.250    170.149    38.6262  0.000e+00
 289.362650    280.223    13.9735  45.898843 1.0000e-12     3.8090      0.303    170.112    38.6263  0.000e+00
 289.362653    280.121    13.9735  45.898564 1.0000e-12     3.8109      0.237    170.194    38.6261  0.000e+00
 289.362656    280.028    13.9735  45.898286 1.0000e-12     3.8119      0.296    170.239    38.6259  0.000e+00
 289.362659    279.930    13.9733  45.898285 1.0000e-12     3.8100      0.256    170.153    38.6262  0.000e+00
 289.362662    279.807    13.9733  45.897937 1.0000e-12     3.8116      0.341    170.225    38.6258  0.000e+00
 289.362665    279.651    13.9732  45.897937 1.0000e-12     3.8130      0.311    170.288    38.6261  0.000e+00
 289.362668    279.455    13.9733  45.898283 1.0000e-12     3.8146      0.282    170.360    38.6263  0.000e+00
 289.362671    279.244    13.9733  45.897935 1.0000e-12     3.8176      0.259    170.496    38.6261  0.000e+00
 289.362674    279.016    13.9733  45.897656 1.0000e-12     3.8206      0.282    170.627    38.6260  0.000e+00
 289.362677    278.787    13.9733  45.897307 1.0000e-12     3.8225      0.250    170.714    38.6258  0.000e+00
 289.362679    278.573    13.9732  45.897028 1.0000e-12     3.8211      0.271    170.651    38.6257  0.000e+00
 289.362682    278.366    13.9732  45.897027 1.0000e-12     3.8243      0.250    170.793    38.6258  0.000e+00
 289.362685    278.175    13.9731  45.897026 1.0000e-12     3.8230      0.326    170.734    38.6259  0.000e+00
 289.362688    277.997    13.9732  45.896399 1.0000e-12     3.8236      0.351    170.762    38.6254  0.000e+00
 289.362691    277.836    13.9731  45.895495 1.0000e-12     3.8233      0.280    170.750    38.6246  0.000e+00
 289.362694    277.665    13.9731  45.894520 1.0000e-12     3.8243      0.311    170.795    38.6238  0.000e+00
 289.362697    277.480    13.9729  45.893963 1.0000e-12     3.8203      0.273    170.617    38.6236  0.000e+00
 289.362700    277.273    13.9731  45.893962 1.0000e-12     3.8195      0.296    170.579    38.6234  0.000e+00
 289.362703    277.052    13.9729  45.893961 1.0000e-12     3.8201      0.257    170.604    38.6238  0.000e+00
 289.362705    276.830    13.9729  45.893334 1.0000e-12     3.8205      0.256    170.625    38.6233  0.000e+00
 289.362708    276.633    13.9730  45.892360 1.0000e-12     3.8185      0.248    170.533    38.6224  0.000e+00
 289.362711    276.471    13.9728  45.891803 1.0000e-12     3.8230      0.265    170.737    38.6221  0.000e+00
 289.362714    276.355    13.9726  45.890551 1.0000e-12     3.8225      0.303    170.714    38.6212  0.000e+00
 289.362717    276.259    13.9725  45.890203 1.0000e-12     3.8202      0.263    170.608    38.6209  0.000e+00
 289.362720    276.140    13.9724  45.889924 1.0000e-12     3.8188      0.280    170.549    38.6208  0.000e+00
 289.362723    275.977    13.9724  45.889645 1.0000e-12     3.8268      0.296    170.906    38.6206  0.000e+00
 289.362726    275.761    13.9723  45.889297 1.0000e-12     3.8238      0.303    170.769    38.6205  0.000e+00
 289.362729    275.514    13.9724  45.889295 1.0000e-12     3.8264      0.290    170.886    38.6206  0.000e+00
 289.362731    275.256    13.9724  45.889016 1.0000e-12     3.8272      0.298    170.924    38.6204  0.000e+00
 289.362734    274.999    13.9724  45.889015 1.0000e-12     3.8279      0.288    170.956    38.6205  0.000e+00
 289.362737    274.785    13.9724  45.888666 1.0000e-12     3.8297      0.278    171.035    38.6202  0.000e+00
 289.362740    274.617    13.9724  45.888666 1.0000e-12     3.8319      0.288    171.131    38.6204  0.000e+00
 289.362743    274.487    13.9724  45.888665 1.0000e-12     3.8301      0.265    171.053    38.6204  0.000e+00
 289.362746    274.389    13.9724  45.888039 1.0000e-12     3.8301      0.410    171.053    38.6199  0.000e+00
 289.362749    274.298    13.9724  45.887760 1.0000e-12     3.8295      0.280    171.026    38.6197  0.000e+00
 289.362752    274.184    13.9723  45.887760 1.0000e-12     3.8285      0.237    170.981    38.6198  0.000e+00
 289.362755    274.039    13.9722  45.887759 1.0000e-12     3.8289      0.256    170.998    38.6199  0.000e+00
 289.362758    273.861    13.9721  45.887480 1.0000e-12     3.8251      0.296    170.830    38.6198  0.000e+00
 289.362760    273.656    13.9720  45.887758 1.0000e-12     3.8246      0.273    170.806    38.6203  0.000e+00
 289.362763    273.418    13.9721  45.887478 1.0000e-12     3.8247      0.263    170.812    38.6200  0.000e+00
 289.362766    273.164    13.9721  45.887130 1.0000e-12     3.8236      0.275    170.763    38.6198  0.000e+00
 289.362769    272.897    13.9722  45.886850 1.0000e-12     3.8222      0.364    170.701    38.6196  0.000e+00
 289.362772    272.630    13.9721  45.886501 1.0000e-12     3.8230      0.301    170.734    38.6194  0.000e+00
 289.362775    272.394    13.9723  45.886500 1.0000e-12     3.8288      0.439    170.993    38.6194  0.000e+00
 289.362778    272.198    13.9723  45.886221 1.0000e-12     3.8244      0.257    170.798    38.6192  0.000e+00
 289.362781    272.069    13.9723  45.885873 1.0000e-12     3.8257      0.311    170.856    38.6189  0.000e+00
 289.362784    272.011    13.9724  45.885595 1.0000e-12     3.8252      0.389    170.835    38.6186  0.000e+00
 289.362786    271.989    13.9722  45.884691 1.0000e-12     3.8284      0.250    170.975    38.6179  0.000e+00
 289.362789    271.973    13.9723  45.883717 1.0000e-12     3.8274      0.250    170.934    38.6169  0.000e+00
 289.362792    271.928    13.9723  45.883439 1.0000e-12     3.8292      0.275    171.014    38.6167  0.000e+00
 289.362795    271.835    13.9721  45.882813 1.0000e-12     3.8307      0.275    171.078    38.6164  0.000e+00
 289.362798    271.655    13.9721  45.882534 1.0000e-12     3.8302      0.250    171.058    38.6161  0.000e+00
 289.362801    271.405    13.9721  45.882532 1.0000e-12     3.8345      0.303    171.247    38.6163  0.000e+00
 289.362804    271.107    13.9719  45.881280 1.0000e-12     3.8361      0.340    171.319    38.6154  0.000e+00
 289.362807    270.792    13.9718  45.880652 1.0000e-12     3.8360      0.282    171.318    38.6151  0.000e+00
 289.362810    270.474    13.9719  45.879747 1.0000e-12     3.8394      0.357    171.468    38.6142  0.000e+00
 289.362813    270.200    13.9718  45.879120 1.0000e-12     3.8381      0.320    171.410    38.6139  0.000e+00
 289.362815    269.977    13.9715  45.878493 1.0000e-12     3.8391      0.296    171.454    38.6137  0.000e+00
 289.362818    269.822    13.9713  45.877867 1.0000e-12     3.8354      0.267    171.290    38.6133  0.000e+00
 289.362821    269.752    13.9714  45.877589 1.0000e-12     3.8358      0.242    171.306    38.6130  0.000e+00
 289.362824    269.739    13.9712  45.876963 1.0000e-12     3.8316      0.265    171.119    38.6126  0.000e+00
 289.362827    269.759    13.9712  45.876615 1.0000e-12     3.8318      0.349    171.126    38.6123  0.000e+00
 289.362830    269.775    13.9712  45.876337 1.0000e-12     3.8325      0.288    171.158    38.6120  0.000e+00
 289.362833    269.739    13.9713  45.876337 1.0000e-12     3.8357      0.341    171.305    38.6119  0.000e+00
 289.362836    269.607    13.9714  45.876058 1.0000e-12     3.8343      0.319    171.239    38.6117  0.000e+00
 289.362839    269.373    13.9713  45.876057 1.0000e-12     3.8379      0.280    171.403    38.6118  0.000e+00
 289.362841    269.075    13.9715  45.875708 1.0000e-12     3.8386      0.288    171.432    38.6114  0.000e+00
 289.362844    268.714    13.9715  45.875707 1.0000e-12     3.8404      0.319    171.513    38.6116  0.000e+00
 289.362847    268.336    13.9717  45.875079 1.0000e-12     3.8388      0.290    171.440    38.6110  0.000e+00
 289.362850    267.973    13.9718  45.874800 1.0000e-12     3.8400      0.286    171.493    38.6108  0.000e+00
 289.362853    267.674    13.9719  45.874172 1.0000e-12     3.8416      0.387    171.567    38.6102  0.000e+00
 289.362856    267.490    13.9720  45.873268 1.0000e-12     3.8390      0.296    171.449    38.6094  0.000e+00
 289.362859    267.452    13.9717  45.872364 1.0000e-12     3.8452      0.267    171.729    38.6088  0.000e+00
 289.362862    267.503    13.9717  45.872016 1.0000e-12     3.8460      0.265    171.764    38.6085  0.000e+00
 289.362865    267.641    13.9715  45.871113 1.0000e-12     3.8476      0.357    171.833    38.6077  0.000e+00
 289.362867    267.761    13.9712  45.870766 1.0000e-12     3.8483      0.273    171.866    38.6076  0.000e+00
 289.362870    267.826    13.9712  45.870766 1.0000e-12     3.8447      0.265    171.705    38.6076  0.000e+00
 289.362873    267.779    13.9711  45.871114 1.0000e-12     3.8456      0.370    171.745    38.6081  0.000e+00
 289.362876    267.579    13.9710  45.871113 1.0000e-12     3.8404      0.244    171.512    38.6083  0.000e+00
 289.362879    267.274    13.9711  45.871112 1.0000e-12     3.8421      0.294    171.588    38.6083  0.000e+00
 289.362882    266.891    13.9711  45.870484 1.0000e-12     3.8377      0.288    171.393    38.6079  0.000e+00
 289.362885    266.483    13.9713  45.869857 1.0000e-12     3.8394      0.273    171.469    38.6073  0.000e+00
 289.362888    266.087    13.9712  45.869577 1.0000e-12     3.8362      0.275    171.326    38.6072  0.000e+00
 289.362891    265.761    13.9715  45.868950 1.0000e-12     3.8363      0.275    171.329    38.6066  0.000e+00
 289.362894    265.527    13.9713  45.868601 1.0000e-12     3.8440      0.265    171.672    38.6065  0.000e+00
 289.362896    265.410    13.9713  45.867697 1.0000e-12     3.8495      0.303    171.918    38.6057  0.000e+00
 289.362899    265.363    13.9712  45.867975 1.0000e-12     3.8536      0.273    172.102    38.6061  0.000e+00
 289.362902    265.369    13.9712  45.866793 1.0000e-12     3.8546      0.280    172.145    38.6050  0.000e+00
 289.362905    265.405    13.9712  45.866167 1.0000e-12     3.8548      0.257    172.155    38.6044  0.000e+00
 289.362908    265.445    13.9710  45.865542 1.0000e-12     3.8542      0.317    172.127    38.6039  0.000e+00
 289.362911    265.456    13.9709  45.865820 1.0000e-12     3.8522      0.248    172.038    38.6043  0.000e+00
 289.362914    265.405    13.9709  45.865541 1.0000e-12     3.8530      0.256    172.077    38.6041  0.000e+00
 289.362917    265.267    13.9708  45.866167 1.0000e-12     3.8516      0.227    172.012    38.6048  0.000e+00
 289.362920    265.047    13.9709  45.865818 1.0000e-12     3.8558      0.259    172.202    38.6045  0.000e+00
 289.362922    264.759    13.9709  45.865261 1.0000e-12     3.8561      0.252    172.212    38.6041  0.000e+00
 289.362925    264.420    13.9709  45.864911 1.0000e-12     3.8583      0.280    172.311    38.6039  0.000e+00
 289.362928    264.069    13.9708  45.864284 1.0000e-12     3.8599      0.259    172.385    38.6036  0.000e+00
 289.362931    263.755    13.9707  45.863657 1.0000e-12     3.8588      0.454    172.332    38.6032  0.000e+00
 289.362934    263.530    13.9706  45.863378 1.0000e-12     3.8597      0.351    172.375    38.6031  0.000e+00
 289.362937    263.403    13.9706  45.863099 1.0000e-12     3.8565      0.328    172.232    38.6029  0.000e+00
 289.362940    263.363    13.9705  45.862752 1.0000e-12     3.8525      0.340    172.053    38.6028  0.000e+00
 289.362943    263.385    13.9703  45.862126 1.0000e-12     3.8541      0.265    172.125    38.6023  0.000e+00
 289.362946    263.425    13.9703  45.861848 1.0000e-12     3.8507      0.273    171.972    38.6021  0.000e+00
 289.362948    263.420    13.9702  45.861848 1.0000e-12     3.8513      0.256    171.999    38.6022  0.000e+00
 289.362951    263.343    13.9700  45.861848 1.0000e-12     3.8504      0.242    171.959    38.6024  0.000e+00
 289.362954    263.162    13.9699  45.862125 1.0000e-12     3.8548      0.237    172.157    38.6029  0.000e+00
 289.362957    262.906    13.9701  45.861498 1.0000e-12     3.8603      0.244    172.402    38.6021  0.000e+00
 289.362960    262.596    13.9701  45.860593 1.0000e-12     3.8605      0.263    172.410    38.6014  0.000e+00
 289.362963    262.269    13.9699  45.859688 1.0000e-12     3.8596      0.290    172.368    38.6009  0.000e+00
