Code_for_CTD/Code/CTD_measurements/CTD7708-20241016-MIR-3.cnv
* Sea-Bird SBE19plus Data File:
* FileName = C:\CTD\CTD7708-20241015-MIR-3.hex
* Software Version 1.59
* Temperature SN =  7708
* Conductivity SN =  7708
* System UpLoad Time = Oct 16 2024 08:32:29
* ds
* SBE 19plus V 3.1.8  SERIAL NO. 7708    16 Oct 2024 08:33:15
# nquan = 10
# nvalues = 1929                                  
# units = specified
# name 0 = timeJ: Julian Days
# name 1 = prdM: Pressure, Strain Gauge [db]
# name 2 = tv290C: Temperature [ITS-90, deg C]
# name 3 = c0mS/cm: Conductivity [mS/cm]
# name 4 = par: PAR/Irradiance, Biospherical/Licor
# name 5 = sbeox0ML/L: Oxygen, SBE 43 [ml/l]
# name 6 = seaTurbMtr: Turbidity, Seapoint [FTU]
# name 7 = sbeox0Mm/L: Oxygen, SBE 43 [umol/l]
# name 8 = sal00: Salinity, Practical [PSU]
# name 9 = flag:  0.000e+00
# span 0 = 290.346933, 290.352512                 
# span 1 =     -0.068,     87.635                 
# span 2 =    16.1804,    20.1594                 
# span 3 =   0.002190,  52.080590                 
# span 4 = 1.0000e-12, 1.0919e+02                 
# span 5 =     3.6841,     5.6841                 
# span 6 =      0.004,    119.938                 
# span 7 =    164.533,    253.850                 
# span 8 =     0.0102,    38.4890                 
# span 9 = 0.0000e+00, 0.0000e+00                 
# interval = seconds: 0.25
# start_time = Oct 16 2024 08:19:35 [Instrument's time stamp, header]
# bad_flag = -9.990e-29
*END*
[from data line 1154]
 290.350272     85.879    16.2091  47.778842 1.0000e-12     5.0087      0.950    223.690    38.2448  0.000e+00
 290.350275     85.602    16.2107  47.781740 1.0000e-12     5.0036      1.118    223.459    38.2460  0.000e+00
 290.350278     85.279    16.2129  47.783860 1.0000e-12     5.0001      1.074    223.306    38.2459  0.000e+00
 290.350281     84.922    16.2152  47.786970 1.0000e-12     4.9957      1.019    223.108    38.2466  0.000e+00
 290.350284     84.587    16.2177  47.793122 1.0000e-12     4.9977      1.043    223.198    38.2500  0.000e+00
 290.350286     84.253    16.2213  47.806702 1.0000e-12     4.9963      1.251    223.133    38.2588  0.000e+00
 290.350289     83.976    16.2280  47.821273 1.0000e-12     4.9956      1.104    223.103    38.2656  0.000e+00
 290.350292     83.742    16.2387  47.843276 1.0000e-12     4.9995      1.141    223.278    38.2751  0.000e+00
 290.350295     83.648    16.2537  47.881988 1.0000e-12     4.9977      1.183    223.195    38.2956  0.000e+00
 290.350298     83.689    16.2759  47.894020 1.0000e-12     5.0006      1.068    223.328    38.2850  0.000e+00
 290.350301     83.854    16.2968  47.923402 1.0000e-12     5.0034      1.146    223.453    38.2911  0.000e+00
 290.350304     84.101    16.3186  47.904706 1.0000e-12     5.0057      1.564    223.556    38.2532  0.000e+00
 290.350307     84.326    16.3289  47.865416 1.0000e-12     5.0099      1.331    223.744    38.2080  0.000e+00
 290.350310     84.460    16.3178  47.861172 1.0000e-12     5.0126      0.771    223.864    38.2148  0.000e+00
 290.350312     84.471    16.3047  47.859192 1.0000e-12     5.0131      0.944    223.884    38.2255  0.000e+00
 290.350315     84.289    16.2970  47.860891 1.0000e-12     5.0154      0.916    223.986    38.2346  0.000e+00
 290.350318     83.957    16.2935  47.865420 1.0000e-12     5.0159      1.061    224.008    38.2422  0.000e+00
 290.350321     83.483    16.2936  47.877451 1.0000e-12     5.0136      1.171    223.909    38.2531  0.000e+00
 290.350324     82.917    16.2986  47.909660 1.0000e-12     5.0092      1.202    223.709    38.2775  0.000e+00
 290.350327     82.326    16.3132  47.951226 1.0000e-12     5.0069      1.188    223.610    38.3010  0.000e+00
 290.350330     81.815    16.3381  47.968150 1.0000e-12     5.0033      1.017    223.447    38.2924  0.000e+00
 290.350333     81.388    16.3624  48.001799 1.0000e-12     5.0006      1.074    223.326    38.2994  0.000e+00
 290.350336     81.138    16.3877  48.012708 1.0000e-12     5.0011      1.177    223.349    38.2849  0.000e+00
 290.350339     81.123    16.4090  48.030636 1.0000e-12     5.0024      1.291    223.406    38.2805  0.000e+00
 290.350341     81.272    16.4275  48.050624 1.0000e-12     5.0069      1.036    223.608    38.2806  0.000e+00
 290.350344     81.620    16.4465  48.055089 1.0000e-12     5.0108      1.236    223.782    38.2661  0.000e+00
 290.350347     81.969    16.4604  48.049559 1.0000e-12     5.0151      1.572    223.975    38.2477  0.000e+00
 290.350350     82.227    16.4660  48.035878 1.0000e-12     5.0212      1.146    224.246    38.2300  0.000e+00
 290.350353     82.341    16.4628  48.027089 1.0000e-12     5.0258      0.883    224.450    38.2251  0.000e+00
 290.350356     82.274    16.4568  48.028366 1.0000e-12     5.0248      1.144    224.409    38.2320  0.000e+00
 290.350359     82.018    16.4529  48.032264 1.0000e-12     5.0257      1.032    224.446    38.2394  0.000e+00
 290.350362     81.641    16.4523  48.037507 1.0000e-12     5.0239      0.996    224.366    38.2449  0.000e+00
 290.350365     81.163    16.4545  48.043743 1.0000e-12     5.0186      1.097    224.132    38.2485  0.000e+00
 290.350367     80.670    16.4584  48.052814 1.0000e-12     5.0130      1.196    223.879    38.2531  0.000e+00
 290.350370     80.219    16.4642  48.056427 1.0000e-12     5.0114      1.097    223.807    38.2509  0.000e+00
 290.350373     79.854    16.4701  48.061529 1.0000e-12     5.0092      1.043    223.709    38.2501  0.000e+00
 290.350376     79.593    16.4756  48.066845 1.0000e-12     5.0099      0.902    223.741    38.2496  0.000e+00
 290.350379     79.441    16.4808  48.070318 1.0000e-12     5.0114      0.755    223.808    38.2478  0.000e+00
 290.350382     79.412    16.4853  48.072728 1.0000e-12     5.0112      0.958    223.799    38.2456  0.000e+00
 290.350385     79.481    16.4890  48.074358 1.0000e-12     5.0114      0.809    223.809    38.2435  0.000e+00
 290.350388     79.571    16.4918  48.075351 1.0000e-12     5.0141      0.938    223.929    38.2417  0.000e+00
 290.350391     79.673    16.4937  48.076273 1.0000e-12     5.0168      0.908    224.049    38.2406  0.000e+00
 290.350394     79.722    16.4951  48.076628 1.0000e-12     5.0210      0.835    224.236    38.2396  0.000e+00
 290.350396     79.702    16.4960  48.076557 1.0000e-12     5.0190      0.952    224.150    38.2386  0.000e+00
 290.350399     79.613    16.4965  48.078258 1.0000e-12     5.0244      0.900    224.391    38.2397  0.000e+00
 290.350402     79.466    16.4973  48.078186 1.0000e-12     5.0216      0.874    224.266    38.2389  0.000e+00
 290.350405     79.267    16.4981  48.079603 1.0000e-12     5.0240      0.988    224.374    38.2395  0.000e+00
 290.350408     79.071    16.4989  48.079248 1.0000e-12     5.0210      0.904    224.239    38.2386  0.000e+00
 290.350411     78.868    16.4994  48.079105 1.0000e-12     5.0199      0.919    224.190    38.2380  0.000e+00
 290.350414     78.651    16.4997  48.080522 1.0000e-12     5.0139      1.001    223.919    38.2391  0.000e+00
 290.350417     78.459    16.5004  48.080947 1.0000e-12     5.0096      0.883    223.728    38.2389  0.000e+00
 290.350420     78.272    16.5012  48.079882 1.0000e-12     5.0073      0.822    223.626    38.2372  0.000e+00
 290.350422     78.083    16.5016  48.079243 1.0000e-12     5.0019      0.866    223.384    38.2364  0.000e+00
 290.350425     77.918    16.5016  48.080377 1.0000e-12     5.0069      0.958    223.607    38.2375  0.000e+00
 290.350428     77.770    16.5020  48.079880 1.0000e-12     5.0063      1.030    223.581    38.2367  0.000e+00
 290.350431     77.643    16.5022  48.079595 1.0000e-12     5.0095      1.215    223.726    38.2363  0.000e+00
 290.350434     77.556    16.5021  48.080375 1.0000e-12     5.0159      1.396    224.010    38.2371  0.000e+00
 290.350437     77.493    16.5024  48.078885 1.0000e-12     5.0220      1.091    224.283    38.2356  0.000e+00
 290.350440     77.417    16.5023  48.079382 1.0000e-12     5.0311      0.813    224.691    38.2361  0.000e+00
 290.350443     77.335    16.5023  48.081509 1.0000e-12     5.0310      0.750    224.685    38.2381  0.000e+00
 290.350446     77.228    16.5029  48.081508 1.0000e-12     5.0365      0.729    224.932    38.2375  0.000e+00
 290.350448     77.070    16.5038  48.082216 1.0000e-12     5.0369      0.866    224.948    38.2374  0.000e+00
 290.350451     76.902    16.5044  48.083775 1.0000e-12     5.0362      0.792    224.917    38.2382  0.000e+00
 290.350454     76.717    16.5055  48.088809 1.0000e-12     5.0340      0.803    224.816    38.2418  0.000e+00
 290.350457     76.563    16.5078  48.098808 1.0000e-12     5.0314      1.036    224.700    38.2486  0.000e+00
 290.350460     76.474    16.5130  48.105049 1.0000e-12     5.0311      1.017    224.687    38.2492  0.000e+00
 290.350463     76.431    16.5189  48.108878 1.0000e-12     5.0289      0.855    224.591    38.2469  0.000e+00
 290.350466     76.427    16.5245  48.112849 1.0000e-12     5.0334      0.816    224.794    38.2452  0.000e+00
 290.350469     76.434    16.5290  48.114480 1.0000e-12     5.0312      0.780    224.693    38.2423  0.000e+00
 290.350472     76.431    16.5321  48.116465 1.0000e-12     5.0341      0.811    224.821    38.2411  0.000e+00
 290.350475     76.343    16.5347  48.117741 1.0000e-12     5.0341      0.927    224.822    38.2398  0.000e+00
 290.350477     76.180    16.5370  48.122990 1.0000e-12     5.0393      0.805    225.054    38.2423  0.000e+00
 290.350480     75.945    16.5401  48.125258 1.0000e-12     5.0404      0.961    225.104    38.2415  0.000e+00
 290.350483     75.662    16.5429  48.127668 1.0000e-12     5.0406      0.750    225.114    38.2410  0.000e+00
 290.350486     75.381    16.5456  48.138663 1.0000e-12     5.0451      0.958    225.316    38.2484  0.000e+00
 290.350489     75.167    16.5507  48.159593 1.0000e-12     5.0430      0.750    225.221    38.2624  0.000e+00
 290.350492     75.029    16.5621  48.213748 1.0000e-12     5.0404      0.780    225.105    38.2999  0.000e+00
 290.350495     74.977    16.5884  48.237174 1.0000e-12     5.0371      0.793    224.957    38.2956  0.000e+00
 290.350498     74.977    16.6164  48.249881 1.0000e-12     5.0396      0.927    225.071    38.2800  0.000e+00
 290.350501     74.984    16.6382  48.259182 1.0000e-12     5.0421      0.683    225.179    38.2675  0.000e+00
 290.350503     74.926    16.6538  48.265642 1.0000e-12     5.0446      0.677    225.290    38.2583  0.000e+00
 290.350506     74.776    16.6648  48.266066 1.0000e-12     5.0463      0.835    225.369    38.2482  0.000e+00
 290.350509     74.531    16.6712  48.268479 1.0000e-12     5.0513      0.816    225.593    38.2443  0.000e+00
 290.350512     74.221    16.6753  48.270608 1.0000e-12     5.0593      0.874    225.947    38.2424  0.000e+00
 290.350515     73.924    16.6786  48.271955 1.0000e-12     5.0535      1.566    225.691    38.2406  0.000e+00
 290.350518     73.712    16.6814  48.275221 1.0000e-12     5.0533      1.005    225.681    38.2409  0.000e+00
 290.350521     73.629    16.6839  48.285450 1.0000e-12     5.0549      0.944    225.750    38.2476  0.000e+00
 290.350524     73.683    16.6891  48.287368 1.0000e-12     5.0543      0.809    225.724    38.2444  0.000e+00
 290.350527     73.859    16.6935  48.297172 1.0000e-12     5.0543      0.750    225.726    38.2488  0.000e+00
 290.350530     74.069    16.6995  48.290280 1.0000e-12     5.0547      0.816    225.744    38.2368  0.000e+00
 290.350532     74.232    16.7018  48.282964 1.0000e-12     5.0564      0.910    225.818    38.2280  0.000e+00
 290.350535     74.294    16.6996  48.277494 1.0000e-12     5.0561      0.704    225.807    38.2252  0.000e+00
 290.350538     74.220    16.6958  48.274440 1.0000e-12     5.0579      0.919    225.887    38.2262  0.000e+00
 290.350541     73.984    16.6922  48.275221 1.0000e-12     5.0563      0.931    225.813    38.2305  0.000e+00
 290.350544     73.609    16.6900  48.279198 1.0000e-12     5.0523      0.925    225.634    38.2362  0.000e+00
 290.350547     73.148    16.6907  48.297169 1.0000e-12     5.0465      1.030    225.378    38.2518  0.000e+00
 290.350550     72.655    16.6967  48.344777 1.0000e-12     5.0469      1.032    225.395    38.2886  0.000e+00
 290.350553     72.199    16.7187  48.485733 1.0000e-12     5.0466      1.232    225.380    38.3933  0.000e+00
 290.350556     71.882    16.7789  48.582546 1.0000e-12     5.0422      1.238    225.186    38.4219  0.000e+00
 290.350558     71.711    16.8551  48.740190 1.0000e-12     5.0412      1.226    225.139    38.4890  0.000e+00
 290.350561     71.697    16.9591  48.815157 1.0000e-12     5.0470      1.421    225.401    38.4557  0.000e+00
 290.350564     71.817    17.0600  48.888389 1.0000e-12     5.0579      1.257    225.886    38.4238  0.000e+00
 290.350567     72.021    17.1423  48.918089 1.0000e-12     5.0635      1.144    226.137    38.3715  0.000e+00
 290.350570     72.201    17.2032  48.913937 1.0000e-12     5.0700      1.144    226.425    38.3097  0.000e+00
 290.350573     72.308    17.2360  48.876581 1.0000e-12     5.0714      1.144    226.490    38.2455  0.000e+00
 290.350576     72.317    17.2409  48.825964 1.0000e-12     5.0683      1.146    226.349    38.1963  0.000e+00
 290.350579     72.194    17.2223  48.802343 1.0000e-12     5.0546      1.297    225.737    38.1932  0.000e+00
 290.350582     71.962    17.1989  48.814835 1.0000e-12     5.0373      1.190    224.964    38.2265  0.000e+00
 290.350584     71.662    17.1881  48.865304 1.0000e-12     5.0115      1.244    223.814    38.2813  0.000e+00
 290.350587     71.336    17.1984  48.924791 1.0000e-12     4.9892      1.299    222.817    38.3241  0.000e+00
 290.350590     71.028    17.2291  49.009754 1.0000e-12     4.9702      1.287    221.967    38.3699  0.000e+00
 290.350593     70.776    17.2795  49.137422 1.0000e-12     4.9604      1.379    221.532    38.4345  0.000e+00
 290.350596     70.615    17.3565  49.237361 1.0000e-12     4.9565      1.488    221.356    38.4490  0.000e+00
 290.350599     70.537    17.4415  49.278971 1.0000e-12     4.9584      1.574    221.441    38.4047  0.000e+00
 290.350602     70.541    17.5110  49.293506 1.0000e-12     4.9650      1.513    221.735    38.3515  0.000e+00
 290.350605     70.597    17.5567  49.315789 1.0000e-12     4.9719      1.354    222.047    38.3276  0.000e+00
 290.350608     70.668    17.5892  49.340730 1.0000e-12     4.9734      1.329    222.112    38.3187  0.000e+00
 290.350611     70.695    17.6161  49.351409 1.0000e-12     4.9727      1.490    222.083    38.3025  0.000e+00
 290.350613     70.630    17.6362  49.354990 1.0000e-12     4.9616      1.415    221.586    38.2867  0.000e+00
 290.350616     70.466    17.6482  49.356565 1.0000e-12     4.9493      1.564    221.035    38.2768  0.000e+00
 290.350619     70.198    17.6558  49.368896 1.0000e-12     4.9314      1.410    220.237    38.2805  0.000e+00
 290.350622     69.870    17.6635  49.385388 1.0000e-12     4.9050      1.434    219.057    38.2878  0.000e+00
 290.350625     69.540    17.6738  49.408481 1.0000e-12     4.8880      1.493    218.297    38.2983  0.000e+00
 290.350628     69.249    17.6889  49.525319 1.0000e-12     4.8684      1.263    217.423    38.3862  0.000e+00
 290.350631     69.038    17.7329  49.665346 1.0000e-12     4.8547      1.354    216.810    38.4667  0.000e+00
 290.350634     68.951    17.8132  49.725882 1.0000e-12     4.8521      1.257    216.693    38.4435  0.000e+00
 290.350637     68.973    17.8952  49.804298 1.0000e-12     4.8503      1.286    216.616    38.4341  0.000e+00
 290.350639     69.082    17.9709  49.825018 1.0000e-12     4.8599      1.307    217.043    38.3806  0.000e+00
 290.350642     69.227    18.0255  49.877359 1.0000e-12     4.8707      1.293    217.523    38.3745  0.000e+00
 290.350645     69.336    18.0721  49.877352 1.0000e-12     4.8819      1.209    218.025    38.3306  0.000e+00
 290.350648     69.341    18.1034  49.866544 1.0000e-12     4.8898      1.232    218.379    38.2919  0.000e+00
 290.350651     69.198    18.1170  49.868485 1.0000e-12     4.8972      1.232    218.708    38.2808  0.000e+00
 290.350654     68.913    18.1223  49.877341 1.0000e-12     4.8950      1.230    218.609    38.2836  0.000e+00
 290.350657     68.533    18.1280  49.926612 1.0000e-12     4.8950      1.133    218.610    38.3210  0.000e+00
 290.350660     68.138    18.1464  49.979506 1.0000e-12     4.8856      1.085    218.192    38.3497  0.000e+00
 290.350663     67.786    18.1794  50.031484 1.0000e-12     4.8803      1.152    217.956    38.3636  0.000e+00
 290.350666     67.527    18.2193  50.154212 1.0000e-12     4.8729      1.452    217.623    38.4323  0.000e+00
 290.350668     67.365    18.2832  50.251411 1.0000e-12     4.8716      0.914    217.568    38.4561  0.000e+00
 290.350671     67.280    18.3655  50.304804 1.0000e-12     4.8749      1.030    217.713    38.4248  0.000e+00
 290.350674     67.246    18.4351  50.352582 1.0000e-12     4.8758      0.847    217.755    38.4006  0.000e+00
 290.350677     67.253    18.4928  50.381140 1.0000e-12     4.8816      0.704    218.013    38.3712  0.000e+00
 290.350680     67.275    18.5373  50.412022 1.0000e-12     4.8841      0.719    218.124    38.3560  0.000e+00
 290.350683     67.297    18.5733  50.424967 1.0000e-12     4.8890      0.710    218.345    38.3335  0.000e+00
