Code_for_CTD/Code/CTD_measurements/CTD7708-20241015-MIR-1.cnv
* Sea-Bird SBE19plus Data File:
* FileName = C:\CTD\CTD7708-20241015-MIR-1.hex
* Software Version 1.59
* Temperature SN =  7708
* Conductivity SN =  7708
* System UpLoad Time = Oct 15 2024 08:52:56
* ds
* SBE 19plus V 3.1.8  SERIAL NO. 7708    15 Oct 2024 08:52:31
# nquan = 10
# nvalues = 6498                                  
# units = specified
# name 0 = timeJ: Julian Days
# name 1 = prdM: Pressure, Strain Gauge [db]
# name 2 = tv290C: Temperature [ITS-90, deg C]
# name 3 = c0mS/cm: Conductivity [mS/cm]
# name 4 = par: PAR/Irradiance, Biospherical/Licor
# name 5 = sbeox0ML/L: Oxygen, SBE 43 [ml/l]
# name 6 = seaTurbMtr: Turbidity, Seapoint [FTU]
# name 7 = sbeox0Mm/L: Oxygen, SBE 43 [umol/l]
# name 8 = sal00: Salinity, Practical [PSU]
# name 9 = flag:  0.000e+00
# span 0 = 289.348368, 289.367167                 
# span 1 =     -0.048,    463.058                 
# span 2 =    13.8920,    19.7881                 
# span 3 =  -1.291147,  51.693101                 
# span 4 = 1.0000e-12, 2.7402e+02                 
# span 5 =     3.6148,     6.1147                 
# span 6 =      0.000,    120.106                 
# span 7 =    161.435,    273.082                 
# span 8 =     0.0000,    38.6781                 
# span 9 = 0.0000e+00, 0.0000e+00                 
# interval = seconds: 0.25
# start_time = Oct 15 2024 08:21:39 [Instrument's time stamp, header]
# bad_flag = -9.990e-29
*END*
[from data line 865]
 289.350871     49.462    19.2006  51.045488 9.4690e-01     4.8351      0.546    215.937    38.2862  0.000e+00
 289.350874     49.698    19.2005  51.046508 9.2788e-01     4.8398      0.654    216.146    38.2871  0.000e+00
 289.350877     49.950    19.2009  51.035017 9.0546e-01     4.8401      0.628    216.161    38.2769  0.000e+00
 289.350880     50.160    19.1976  51.031673 8.8477e-01     4.8398      0.578    216.147    38.2770  0.000e+00
 289.350883     50.336    19.1937  51.031675 8.6685e-01     4.8445      0.704    216.354    38.2806  0.000e+00
 289.350885     50.480    19.1909  51.029348 8.4808e-01     4.8421      0.616    216.250    38.2812  0.000e+00
 289.350888     50.589    19.1887  51.028622 8.3565e-01     4.8393      0.654    216.124    38.2825  0.000e+00
 289.350891     50.672    19.1869  51.026296 8.2507e-01     4.8394      0.631    216.127    38.2822  0.000e+00
 289.350894     50.758    19.1854  51.025278 8.1863e-01     4.8367      0.572    216.007    38.2827  0.000e+00
 289.350897     50.863    19.1839  51.020916 8.0713e-01     4.8358      0.597    215.965    38.2803  0.000e+00
 289.350900     51.004    19.1816  51.016844 7.9974e-01     4.8370      0.593    216.022    38.2789  0.000e+00
 289.350903     51.201    19.1788  51.010738 7.8675e-01     4.8331      0.566    215.847    38.2763  0.000e+00
 289.350906     51.453    19.1748  51.007031 7.7225e-01     4.8330      0.612    215.841    38.2768  0.000e+00
 289.350909     51.731    19.1706  51.001652 7.5367e-01     4.8370      0.658    216.021    38.2760  0.000e+00
 289.350911     52.051    19.1664  50.990531 7.3399e-01     4.8388      0.607    216.099    38.2703  0.000e+00
 289.350914     52.341    19.1604  50.991551 7.1191e-01     4.8393      0.710    216.124    38.2767  0.000e+00
 289.350917     52.606    19.1556  50.991553 6.9045e-01     4.8423      0.582    216.255    38.2809  0.000e+00
 289.350920     52.818    19.1532  50.990827 6.7506e-01     4.8451      0.566    216.381    38.2824  0.000e+00
 289.350923     52.968    19.1517  50.989520 6.6081e-01     4.8452      0.597    216.389    38.2827  0.000e+00
 289.350926     53.066    19.1506  50.991193 6.5117e-01     4.8458      0.515    216.412    38.2851  0.000e+00
 289.350929     53.128    19.1501  50.992574 6.4363e-01     4.8478      0.532    216.501    38.2867  0.000e+00
 289.350932     53.157    19.1504  50.993229 6.3851e-01     4.8457      0.597    216.409    38.2870  0.000e+00
 289.350935     53.173    19.1508  50.981451 6.3578e-01     4.8457      0.532    216.407    38.2766  0.000e+00
 289.350937     53.189    19.1478  50.963861 6.3487e-01     4.8436      0.526    216.314    38.2645  0.000e+00
 289.350940     53.226    19.1392  50.957175 6.3197e-01     4.8390      0.557    216.108    38.2668  0.000e+00
 289.350943     53.322    19.1307  50.950054 6.2565e-01     4.8378      0.938    216.054    38.2686  0.000e+00
 289.350946     53.510    19.1225  50.943371 6.1704e-01     4.8388      0.597    216.100    38.2704  0.000e+00
 289.350949     53.829    19.1156  50.934580 6.0022e-01     4.8368      0.587    216.012    38.2692  0.000e+00
 289.350952     54.253    19.1084  50.922448 5.7714e-01     4.8358      0.618    215.968    38.2654  0.000e+00
 289.350955     54.742    19.0998  50.907993 5.4741e-01     4.8425      0.639    216.266    38.2610  0.000e+00
 289.350958     55.257    19.0887  50.879086 5.1842e-01     4.8433      0.673    216.300    38.2465  0.000e+00
 289.350961     55.659    19.0722  50.848442 4.8970e-01     4.8501      0.597    216.604    38.2357  0.000e+00
 289.350964     55.895    19.0496  50.828334 4.7284e-01     4.8531      0.618    216.739    38.2394  0.000e+00
 289.350966     55.971    19.0274  50.817594 4.6354e-01     4.8510      0.647    216.647    38.2507  0.000e+00
 289.350969     55.896    19.0100  50.842790 4.6521e-01     4.8532      0.677    216.742    38.2883  0.000e+00
 289.350972     55.753    19.0079  50.861888 4.7253e-01     4.8493      0.633    216.571    38.3065  0.000e+00
 289.350975     55.626    19.0166  50.869657 4.8255e-01     4.8448      0.591    216.370    38.3050  0.000e+00
 289.350978     55.563    19.0257  50.874667 4.8783e-01     4.8422      0.971    216.252    38.3009  0.000e+00
 289.350981     55.601    19.0332  50.857889 4.8518e-01     4.8394      0.631    216.130    38.2797  0.000e+00
 289.350984     55.742    19.0330  50.831676 4.7745e-01     4.8379      0.563    216.059    38.2576  0.000e+00
 289.350987     55.970    19.0219  50.812876 4.6461e-01     4.8389      0.546    216.107    38.2519  0.000e+00
 289.350990     56.251    19.0070  50.808161 4.4703e-01     4.8378      0.652    216.058    38.2616  0.000e+00
 289.350992     56.598    18.9946  50.800470 4.2690e-01     4.8331      0.860    215.845    38.2663  0.000e+00
 289.350995     56.976    18.9851  50.788715 4.0485e-01     4.8362      0.603    215.986    38.2650  0.000e+00
 289.350998     57.353    18.9758  50.774929 3.8601e-01     4.8427      0.570    216.274    38.2618  0.000e+00
 289.351001     57.679    18.9646  50.741772 3.6720e-01     4.8439      0.603    216.327    38.2438  0.000e+00
 289.351004     57.926    18.9472  50.710583 3.5478e-01     4.8544      0.536    216.799    38.2333  0.000e+00
 289.351007     58.098    18.9242  50.671717 3.4504e-01     4.8589      0.515    216.999    38.2216  0.000e+00
 289.351010     58.179    18.8963  50.651712 3.3930e-01     4.8634      0.511    217.201    38.2303  0.000e+00
 289.351013     58.197    18.8716  50.689492 3.3762e-01     4.8683      0.486    217.419    38.2854  0.000e+00
 289.351016     58.181    18.8676  50.719955 3.3697e-01     4.8620      0.526    217.139    38.3150  0.000e+00
 289.351019     58.179    18.8802  50.706897 3.3568e-01     4.8554      0.578    216.842    38.2922  0.000e+00
 289.351021     58.227    18.8855  50.664039 3.3310e-01     4.8593      0.547    217.018    38.2508  0.000e+00
 289.351024     58.346    18.8746  50.621272 3.2708e-01     4.8612      2.155    217.102    38.2245  0.000e+00
 289.351027     58.538    18.8491  50.609536 3.1808e-01     4.8640      0.658    217.227    38.2380  0.000e+00
 289.351030     58.807    18.8271  50.601569 3.0769e-01     4.8671      0.578    217.363    38.2515  0.000e+00
 289.351033     59.118    18.8114  50.597515 2.9465e-01     4.8698      0.546    217.484    38.2626  0.000e+00
 289.351036     59.452    18.8014  50.596214 2.8089e-01     4.8710      0.572    217.540    38.2706  0.000e+00
 289.351039     59.800    18.7955  50.595855 2.6612e-01     4.8774      0.643    217.826    38.2756  0.000e+00
 289.351042     60.102    18.7920  50.596871 2.5464e-01     4.8779      0.902    217.845    38.2797  0.000e+00
 289.351045     60.347    18.7906  50.597525 2.4371e-01     4.8746      0.509    217.700    38.2814  0.000e+00
 289.351047     60.514    18.7900  50.596221 2.3473e-01     4.8743      0.536    217.688    38.2808  0.000e+00
 289.351050     60.610    18.7893  50.593541 2.2952e-01     4.8743      0.460    217.686    38.2791  0.000e+00
 289.351053     60.653    18.7880  50.596222 2.2753e-01     4.8720      0.542    217.583    38.2826  0.000e+00
 289.351056     60.682    18.7875  50.598541 2.2534e-01     4.8717      0.551    217.571    38.2850  0.000e+00
 289.351059     60.740    18.7887  50.594556 2.2424e-01     4.8780      0.557    217.851    38.2805  0.000e+00
 289.351062     60.842    18.7883  50.590209 2.2031e-01     4.8772      0.603    217.816    38.2771  0.000e+00
 289.351065     61.001    18.7863  50.589196 2.1489e-01     4.8790      0.628    217.897    38.2781  0.000e+00
 289.351068     61.199    18.7843  50.590211 2.0995e-01     4.8789      0.582    217.894    38.2807  0.000e+00
 289.351071     61.405    18.7831  50.589850 2.0356e-01     4.8827      0.547    218.059    38.2814  0.000e+00
 289.351073     61.588    18.7829  50.588909 1.9619e-01     4.8820      0.557    218.030    38.2808  0.000e+00
 289.351076     61.791    18.7825  50.588910 1.8788e-01     4.8845      0.540    218.142    38.2810  0.000e+00
 289.351079     62.005    18.7820  50.589201 1.7786e-01     4.8865      0.601    218.232    38.2817  0.000e+00
 289.351082     62.226    18.7820  50.588912 1.6910e-01     4.8837      0.530    218.105    38.2813  0.000e+00
 289.351085     62.473    18.7818  50.589566 1.6038e-01     4.8863      0.557    218.222    38.2819  0.000e+00
 289.351088     62.737    18.7818  50.589205 1.5141e-01     4.8862      0.555    218.217    38.2815  0.000e+00
 289.351091     63.004    18.7817  50.589568 1.4211e-01     4.8863      0.546    218.221    38.2818  0.000e+00
 289.351094     63.239    18.7818  50.589570 1.3502e-01     4.8882      0.683    218.309    38.2816  0.000e+00
 289.351097     63.457    18.7817  50.590223 1.2608e-01     4.8925      0.515    218.500    38.2822  0.000e+00
 289.351100     63.641    18.7819  50.590224 1.2067e-01     4.8948      0.546    218.600    38.2820  0.000e+00
 289.351102     63.777    18.7822  50.589572 1.1549e-01     4.8963      0.536    218.667    38.2811  0.000e+00
 289.351105     63.888    18.7819  50.589210 1.1036e-01     4.9014      0.496    218.898    38.2810  0.000e+00
 289.351108     63.971    18.7816  50.587907 1.0777e-01     4.8973      0.521    218.713    38.2802  0.000e+00
 289.351111     64.047    18.7808  50.588559 1.0572e-01     4.8942      0.557    218.577    38.2814  0.000e+00
 289.351114     64.122    18.7803  50.588197 1.0324e-01     4.8873      0.612    218.265    38.2815  0.000e+00
 289.351117     64.212    18.7802  50.588560 1.0139e-01     4.8852      0.542    218.172    38.2819  0.000e+00
 289.351120     64.345    18.7800  50.589213 9.7976e-02     4.8810      0.547    217.984    38.2826  0.000e+00
 289.351123     64.531    18.7801  50.588924 9.2935e-02     4.8816      0.607    218.014    38.2822  0.000e+00
 289.351126     64.789    18.7803  50.588925 8.6492e-02     4.8802      0.561    217.952    38.2819  0.000e+00
 289.351128     65.084    18.7803  50.589216 7.7948e-02     4.8784      0.547    217.869    38.2820  0.000e+00
 289.351131     65.441    18.7805  50.589580 6.9308e-02     4.8782      0.576    217.862    38.2820  0.000e+00
 289.351134     65.792    18.7806  50.587263 5.8486e-02     4.8813      0.624    217.997    38.2798  0.000e+00
 289.351137     66.108    18.7800  50.582555 4.9331e-02     4.8839      0.557    218.116    38.2762  0.000e+00
 289.351140     66.370    18.7774  50.579224 4.1828e-02     4.8832      0.576    218.082    38.2757  0.000e+00
 289.351143     66.568    18.7743  50.573212 3.5519e-02     4.8869      0.511    218.250    38.2734  0.000e+00
 289.351146     66.677    18.7703  50.563216 3.1338e-02     4.8861      0.566    218.213    38.2685  0.000e+00
 289.351149     66.718    18.7650  50.569882 2.9300e-02     4.8842      0.515    218.131    38.2791  0.000e+00
 289.351152     66.715    18.7626  50.578576 2.9075e-02     4.8785      0.530    217.874    38.2887  0.000e+00
 289.351155     66.722    18.7648  50.574519 2.8924e-02     4.8719      0.551    217.578    38.2832  0.000e+00
 289.351157     66.782    18.7658  50.560175 2.7497e-02     4.8640      0.612    217.225    38.2700  0.000e+00
 289.351160     66.939    18.7615  50.550542 2.4137e-02     4.8674      0.593    217.378    38.2657  0.000e+00
 289.351163     67.193    18.7542  50.535552 1.8301e-02     4.8634      0.603    217.201    38.2597  0.000e+00
 289.351166     67.507    18.7441  50.437604 1.2256e-02     4.8687      0.769    217.434    38.1854  0.000e+00
 289.351169     67.853    18.7085  50.288126 4.5920e-03     4.8773      0.797    217.819    38.0907  0.000e+00
 289.351172     68.185    18.6301  50.188516 1.0000e-12     4.8840      0.818    218.118    38.0781  0.000e+00
 289.351175     68.475    18.5390  50.140954 1.0000e-12     4.8888      0.877    218.334    38.1217  0.000e+00
 289.351178     68.692    18.4643  50.112530 1.0000e-12     4.8908      0.786    218.423    38.1667  0.000e+00
 289.351181     68.846    18.4108  50.073287 1.0000e-12     4.8866      0.822    218.234    38.1828  0.000e+00
 289.351183     68.973    18.3680  50.066369 1.0000e-12     4.8790      0.654    217.897    38.2167  0.000e+00
 289.351186     69.109    18.3388  50.058800 1.0000e-12     4.8804      0.612    217.957    38.2374  0.000e+00
 289.351189     69.290    18.3217  50.001183 1.0000e-12     4.8738      0.719    217.662    38.2037  0.000e+00
 289.351192     69.511    18.2953  49.945613 1.0000e-12     4.8748      0.668    217.709    38.1804  0.000e+00
 289.351195     69.730    18.2588  49.925588 1.0000e-12     4.8814      0.649    218.001    38.1971  0.000e+00
 289.351198     69.941    18.2273  49.872720 1.0000e-12     4.8880      0.582    218.296    38.1809  0.000e+00
 289.351201     70.124    18.1940  49.827506 1.0000e-12     4.8979      0.572    218.742    38.1730  0.000e+00
 289.351204     70.252    18.1566  49.800951 1.0000e-12     4.9089      0.704    219.229    38.1850  0.000e+00
 289.351207     70.352    18.1226  49.789226 1.0000e-12     4.9254      0.591    219.970    38.2066  0.000e+00
 289.351209     70.448    18.0982  49.775485 1.0000e-12     4.9413      0.578    220.678    38.2175  0.000e+00
 289.351212     70.580    18.0802  49.746996 1.0000e-12     4.9631      0.593    221.651    38.2097  0.000e+00
 289.351215     70.782    18.0606  49.715277 1.0000e-12     4.9818      0.612    222.485    38.2006  0.000e+00
 289.351218     71.046    18.0358  49.673862 1.0000e-12     4.9999      0.669    223.297    38.1878  0.000e+00
 289.351221     71.351    18.0061  49.606304 1.0000e-12     5.0142      0.713    223.936    38.1570  0.000e+00
 289.351224     71.671    17.9631  49.538284 1.0000e-12     5.0347      0.713    224.849    38.1382  0.000e+00
 289.351227     71.979    17.9096  49.497367 1.0000e-12     5.0395      0.843    225.065    38.1528  0.000e+00
 289.351230     72.219    17.8595  49.404518 1.0000e-12     5.0540      1.183    225.713    38.1190  0.000e+00
 289.351233     72.385    17.8022  49.312676 1.0000e-12     5.0370      1.085    224.954    38.0928  0.000e+00
 289.351236     72.503    17.7270  49.214391 1.0000e-12     5.0253      0.811    224.430    38.0778  0.000e+00
 289.351238     72.577    17.6464  49.260892 1.0000e-12     5.0193      0.916    224.161    38.1941  0.000e+00
 289.351241     72.630    17.6054  49.336507 1.0000e-12     5.0005      0.872    223.324    38.2988  0.000e+00
 289.351244     72.682    17.6132  49.198584 1.0000e-12     4.9900      1.104    222.852    38.1710  0.000e+00
 289.351247     72.769    17.5897  49.125789 1.0000e-12     4.9845      1.061    222.609    38.1295  0.000e+00
 289.351250     72.902    17.5328  49.100684 1.0000e-12     4.9862      1.022    222.683    38.1611  0.000e+00
 289.351253     73.110    17.4863  49.090676 1.0000e-12     4.9793      1.062    222.374    38.1961  0.000e+00
 289.351256     73.364    17.4559  49.085245 1.0000e-12     4.9861      1.062    222.678    38.2201  0.000e+00
 289.351259     73.644    17.4373  49.084320 1.0000e-12     4.9852      1.139    222.639    38.2367  0.000e+00
 289.351262     73.943    17.4270  49.079816 1.0000e-12     4.9875      1.263    222.743    38.2424  0.000e+00
 289.351264     74.193    17.4202  49.066943 1.0000e-12     4.9817      1.177    222.482    38.2374  0.000e+00
 289.351267     74.396    17.4115  49.061152 1.0000e-12     4.9814      1.005    222.472    38.2405  0.000e+00
 289.351270     74.523    17.4035  49.059509 1.0000e-12     4.9768      1.030    222.265    38.2466  0.000e+00
 289.351273     74.589    17.3980  49.058581 1.0000e-12     4.9770      1.017    222.271    38.2509  0.000e+00
 289.351276     74.616    17.3949  49.066592 1.0000e-12     4.9691      1.139    221.918    38.2609  0.000e+00
 289.351279     74.646    17.3960  49.076606 1.0000e-12     4.9608      1.030    221.548    38.2687  0.000e+00
 289.351282     74.719    17.4004  49.060512 1.0000e-12     4.9599      1.179    221.507    38.2503  0.000e+00
 289.351285     74.862    17.3996  49.050214 1.0000e-12     4.9533      1.177    221.214    38.2419  0.000e+00
