Code_for_CTD/Code/CTD_measurements/CTD7708-20241018-MIR-5.cnv
* Sea-Bird SBE19plus Data File:
* FileName = C:\CTD\CTD7708-20241018-MIR-5.hex
* Software Version 1.59
* Temperature SN =  7708
* Conductivity SN =  7708
* System UpLoad Time = Oct 18 2024 09:07:27
* ds
* SBE 19plus V 3.1.8  SERIAL NO. 7708    18 Oct 2024 09:08:18
# nquan = 10
# nvalues = 3065                                  
# units = specified
# name 0 = timeJ: Julian Days
# name 1 = prdM: Pressure, Strain Gauge [db]
# name 2 = tv290C: Temperature [ITS-90, deg C]
# name 3 = c0mS/cm: Conductivity [mS/cm]
# name 4 = par: PAR/Irradiance, Biospherical/Licor
# name 5 = sbeox0ML/L: Oxygen, SBE 43 [ml/l]
# name 6 = seaTurbMtr: Turbidity, Seapoint [FTU]
# name 7 = sbeox0Mm/L: Oxygen, SBE 43 [umol/l]
# name 8 = sal00: Salinity, Practical [PSU]
# name 9 = flag:  0.000e+00
# span 0 = 292.363519, 292.372384                 
# span 1 =     -0.039,    207.619                 
# span 2 =    13.8982,    20.3431                 
# span 3 =   0.136497,  52.299867                 
# span 4 = 1.0000e-12, 4.8984e+02                 
# span 5 =     3.7566,     5.9000                 
# span 6 =      0.000,    111.351                 
# span 7 =    167.771,    263.494                 
# span 8 =     0.0770,    39.5037                 
# span 9 = 0.0000e+00, 0.0000e+00                 
# interval = seconds: 0.25
# start_time = Oct 18 2024 08:43:28 [Instrument's time stamp, header]
# bad_flag = -9.990e-29
*END*
[from data line 1730]
 292.368524    191.333    13.9417  45.710087 1.0000e-12     4.0406      0.286    180.454    38.5194  0.000e+00
 292.368527    191.610    13.9400  45.711616 1.0000e-12     4.0414      0.296    180.490    38.5225  0.000e+00
 292.368530    191.768    13.9395  45.712519 1.0000e-12     4.0399      0.334    180.423    38.5237  0.000e+00
 292.368533    191.834    13.9398  45.711895 1.0000e-12     4.0419      0.250    180.512    38.5229  0.000e+00
 292.368536    191.814    13.9398  45.712797 1.0000e-12     4.0441      0.582    180.608    38.5237  0.000e+00
 292.368539    191.752    13.9401  45.712797 1.0000e-12     4.0382      0.471    180.346    38.5234  0.000e+00
 292.368542    191.703    13.9405  45.713769 1.0000e-12     4.0350      0.526    180.203    38.5240  0.000e+00
 292.368545    191.698    13.9409  45.713144 1.0000e-12     4.0307      0.349    180.012    38.5229  0.000e+00
 292.368547    191.768    13.9409  45.711894 1.0000e-12     4.0318      0.334    180.061    38.5217  0.000e+00
 292.368550    191.904    13.9406  45.708840 1.0000e-12     4.0304      0.692    179.998    38.5191  0.000e+00
 292.368553    192.108    13.9394  45.706967 1.0000e-12     4.0278      0.658    179.883    38.5185  0.000e+00
 292.368556    192.353    13.9376  45.702387 1.0000e-12     4.0309      0.334    180.019    38.5158  0.000e+00
 292.368559    192.634    13.9353  45.704262 1.0000e-12     4.0341      0.372    180.165    38.5198  0.000e+00
 292.368562    192.931    13.9339  45.699960 1.0000e-12     4.0415      0.435    180.496    38.5170  0.000e+00
 292.368565    193.200    13.9322  45.698712 1.0000e-12     4.0427      0.288    180.548    38.5173  0.000e+00
 292.368568    193.392    13.9304  45.697811 1.0000e-12     4.0455      0.273    180.670    38.5183  0.000e+00
 292.368571    193.496    13.9291  45.697811 1.0000e-12     4.0469      0.257    180.734    38.5195  0.000e+00
 292.368573    193.490    13.9281  45.698714 1.0000e-12     4.0508      0.273    180.908    38.5213  0.000e+00
 292.368576    193.396    13.9278  45.700241 1.0000e-12     4.0526      0.267    180.988    38.5231  0.000e+00
 292.368579    193.272    13.9285  45.701490 1.0000e-12     4.0566      0.305    181.166    38.5237  0.000e+00
 292.368582    193.193    13.9295  45.701211 1.0000e-12     4.0572      0.387    181.196    38.5225  0.000e+00
 292.368585    193.202    13.9298  45.700587 1.0000e-12     4.0570      0.296    181.188    38.5215  0.000e+00
 292.368588    193.338    13.9300  45.698088 1.0000e-12     4.0598      0.311    181.311    38.5189  0.000e+00
 292.368591    193.566    13.9293  45.697187 1.0000e-12     4.0624      0.393    181.427    38.5187  0.000e+00
 292.368594    193.815    13.9279  45.696910 1.0000e-12     4.0611      0.341    181.367    38.5197  0.000e+00
 292.368597    194.035    13.9269  45.695940 1.0000e-12     4.0600      0.275    181.320    38.5197  0.000e+00
 292.368600    194.190    13.9257  45.695385 1.0000e-12     4.0591      0.278    181.278    38.5203  0.000e+00
 292.368602    194.263    13.9249  45.695039 1.0000e-12     4.0619      0.248    181.403    38.5207  0.000e+00
 292.368605    194.256    13.9245  45.696913 1.0000e-12     4.0585      0.250    181.251    38.5229  0.000e+00
 292.368608    194.187    13.9245  45.697537 1.0000e-12     4.0597      0.309    181.308    38.5235  0.000e+00
 292.368611    194.094    13.9251  45.698092 1.0000e-12     4.0587      0.248    181.260    38.5235  0.000e+00
 292.368614    194.025    13.9258  45.697536 1.0000e-12     4.0562      0.685    181.151    38.5223  0.000e+00
 292.368617    194.024    13.9260  45.697536 1.0000e-12     4.0531      0.349    181.014    38.5221  0.000e+00
 292.368620    194.122    13.9261  45.695038 1.0000e-12     4.0515      0.336    180.939    38.5196  0.000e+00
 292.368623    194.343    13.9253  45.693859 1.0000e-12     4.0510      0.334    180.919    38.5192  0.000e+00
 292.368626    194.651    13.9239  45.693236 1.0000e-12     4.0476      0.303    180.767    38.5198  0.000e+00
 292.368628    195.001    13.9231  45.693237 1.0000e-12     4.0528      0.275    180.998    38.5206  0.000e+00
 292.368631    195.355    13.9223  45.692614 1.0000e-12     4.0538      0.298    181.045    38.5206  0.000e+00
 292.368634    195.685    13.9216  45.692269 1.0000e-12     4.0551      0.509    181.102    38.5208  0.000e+00
 292.368637    195.963    13.9210  45.690743 1.0000e-12     4.0595      0.334    181.298    38.5199  0.000e+00
 292.368640    196.181    13.9198  45.690189 1.0000e-12     4.0643      0.280    181.514    38.5204  0.000e+00
 292.368643    196.364    13.9187  45.689218 1.0000e-12     4.0663      0.265    181.600    38.5205  0.000e+00
 292.368646    196.511    13.9175  45.686790 1.0000e-12     4.0663      0.248    181.600    38.5193  0.000e+00
 292.368649    196.636    13.9160  45.686166 1.0000e-12     4.0664      0.301    181.604    38.5202  0.000e+00
 292.368652    196.762    13.9143  45.686166 1.0000e-12     4.0641      0.439    181.504    38.5218  0.000e+00
 292.368655    196.896    13.9135  45.686167 1.0000e-12     4.0644      0.393    181.517    38.5226  0.000e+00
 292.368657    197.037    13.9128  45.685543 1.0000e-12     4.0623      0.256    181.422    38.5226  0.000e+00
 292.368660    197.168    13.9125  45.684017 1.0000e-12     4.0651      0.235    181.547    38.5214  0.000e+00
 292.368663    197.273    13.9119  45.684364 1.0000e-12     4.0634      0.275    181.470    38.5224  0.000e+00
 292.368666    197.368    13.9114  45.683740 1.0000e-12     4.0664      0.303    181.604    38.5222  0.000e+00
 292.368669    197.435    13.9111  45.683394 1.0000e-12     4.0711      0.265    181.814    38.5221  0.000e+00
 292.368672    197.498    13.9107  45.683741 1.0000e-12     4.0703      0.237    181.780    38.5229  0.000e+00
 292.368675    197.578    13.9105  45.684019 1.0000e-12     4.0719      0.263    181.850    38.5233  0.000e+00
 292.368678    197.698    13.9105  45.684019 1.0000e-12     4.0737      0.271    181.933    38.5233  0.000e+00
 292.368681    197.859    13.9105  45.683396 1.0000e-12     4.0735      0.280    181.920    38.5225  0.000e+00
 292.368683    198.050    13.9102  45.683396 1.0000e-12     4.0781      0.505    182.126    38.5227  0.000e+00
 292.368686    198.237    13.9099  45.682842 1.0000e-12     4.0777      0.296    182.111    38.5224  0.000e+00
 292.368689    198.404    13.9097  45.680969 1.0000e-12     4.0790      0.282    182.168    38.5208  0.000e+00
 292.368692    198.531    13.9090  45.680969 1.0000e-12     4.0812      0.244    182.264    38.5215  0.000e+00
 292.368695    198.603    13.9081  45.681595 1.0000e-12     4.0796      0.336    182.195    38.5229  0.000e+00
 292.368698    198.649    13.9079  45.681872 1.0000e-12     4.0842      0.364    182.398    38.5233  0.000e+00
 292.368701    198.690    13.9079  45.682844 1.0000e-12     4.0836      0.341    182.375    38.5242  0.000e+00
 292.368704    198.752    13.9084  45.682497 1.0000e-12     4.0824      0.237    182.322    38.5234  0.000e+00
 292.368707    198.866    13.9087  45.681318 1.0000e-12     4.0846      0.505    182.417    38.5220  0.000e+00
 292.368709    199.037    13.9083  45.680070 1.0000e-12     4.0815      0.500    182.278    38.5211  0.000e+00
 292.368712    199.264    13.9076  45.677017 1.0000e-12     4.0825      0.298    182.325    38.5188  0.000e+00
 292.368715    199.512    13.9057  45.677018 1.0000e-12     4.0857      0.273    182.469    38.5206  0.000e+00
 292.368718    199.761    13.9044  45.677019 1.0000e-12     4.0850      0.242    182.437    38.5218  0.000e+00
 292.368721    199.982    13.9035  45.676674 1.0000e-12     4.0831      0.265    182.352    38.5222  0.000e+00
 292.368724    200.149    13.9032  45.676674 1.0000e-12     4.0869      0.324    182.520    38.5225  0.000e+00
 292.368727    200.235    13.9028  45.676675 1.0000e-12     4.0887      0.221    182.601    38.5229  0.000e+00
 292.368730    200.238    13.9026  45.677924 1.0000e-12     4.0896      0.193    182.641    38.5243  0.000e+00
 292.368733    200.184    13.9027  45.679173 1.0000e-12     4.0917      0.320    182.737    38.5253  0.000e+00
 292.368736    200.093    13.9036  45.679450 1.0000e-12     4.0963      0.282    182.942    38.5247  0.000e+00
 292.368738    200.003    13.9040  45.679172 1.0000e-12     4.0985      0.259    183.038    38.5241  0.000e+00
 292.368741    199.961    13.9045  45.678825 1.0000e-12     4.0979      0.235    183.014    38.5233  0.000e+00
 292.368744    199.992    13.9046  45.678200 1.0000e-12     4.1000      0.235    183.108    38.5226  0.000e+00
 292.368747    200.108    13.9044  45.676674 1.0000e-12     4.1041      0.273    183.288    38.5213  0.000e+00
 292.368750    200.293    13.9037  45.676397 1.0000e-12     4.1024      0.311    183.211    38.5217  0.000e+00
 292.368753    200.516    13.9029  45.676398 1.0000e-12     4.1005      0.591    183.126    38.5224  0.000e+00
 292.368756    200.770    13.9022  45.676400 1.0000e-12     4.1021      0.341    183.201    38.5230  0.000e+00
 292.368759    201.019    13.9017  45.676054 1.0000e-12     4.0991      2.235    183.065    38.5230  0.000e+00
 292.368762    201.256    13.9017  45.675777 1.0000e-12     4.1004      0.505    183.124    38.5227  0.000e+00
 292.368764    201.472    13.9011  45.675501 1.0000e-12     4.1030      1.024    183.241    38.5228  0.000e+00
 292.368767    201.652    13.9009  45.672378 1.0000e-12     4.1028      0.305    183.229    38.5201  0.000e+00
 292.368770    201.821    13.8994  45.671824 1.0000e-12     4.1055      0.263    183.351    38.5209  0.000e+00
 292.368773    201.975    13.8982  45.680361 1.0000e-12     4.1072      0.303    183.426    38.5301  0.000e+00
 292.368776    202.147    13.8985  45.690496 1.0000e-12     4.1058      0.317    183.367    38.5394  0.000e+00
 292.368779    202.336    13.9019  45.700006 1.0000e-12     4.1071      0.324    183.421    38.5449  0.000e+00
 292.368782    202.561    13.9061  45.704935 1.0000e-12     4.1065      0.256    183.397    38.5452  0.000e+00
 292.368785    202.808    13.9104  45.716876 1.0000e-12     4.1025      0.357    183.216    38.5522  0.000e+00
 292.368788    203.063    13.9156  45.725417 1.0000e-12     4.1044      0.288    183.303    38.5549  0.000e+00
 292.368791    203.301    13.9207  45.732777 1.0000e-12     4.0950      0.433    182.882    38.5566  0.000e+00
 292.368793    203.508    13.9258  45.735277 1.0000e-12     4.0908      0.341    182.697    38.5538  0.000e+00
 292.368796    203.682    13.9294  45.736527 1.0000e-12     4.0837      0.301    182.380    38.5513  0.000e+00
 292.368799    203.806    13.9316  45.738611 1.0000e-12     4.0751      0.273    181.994    38.5510  0.000e+00
 292.368802    203.893    13.9334  45.742291 1.0000e-12     4.0647      0.271    181.531    38.5526  0.000e+00
 292.368805    203.951    13.9349  45.743542 1.0000e-12     4.0474      0.265    180.757    38.5523  0.000e+00
 292.368808    203.993    13.9363  45.743819 1.0000e-12     4.0375      0.313    180.315    38.5511  0.000e+00
 292.368811    204.003    13.9371  45.744166 1.0000e-12     4.0269      0.311    179.840    38.5507  0.000e+00
 292.368814    204.002    13.9378  45.745069 1.0000e-12     4.0150      0.288    179.310    38.5508  0.000e+00
 292.368817    203.987    13.9384  45.745416 1.0000e-12     4.0096      0.380    179.070    38.5505  0.000e+00
 292.368819    203.969    13.9389  45.744444 1.0000e-12     4.0010      0.275    178.685    38.5492  0.000e+00
 292.368822    203.973    13.9391  45.744791 1.0000e-12     3.9982      0.326    178.561    38.5493  0.000e+00
 292.368825    204.036    13.9391  45.743264 1.0000e-12     3.9948      0.288    178.406    38.5478  0.000e+00
 292.368828    204.171    13.9388  45.743542 1.0000e-12     3.9927      0.441    178.316    38.5483  0.000e+00
 292.368831    204.359    13.9380  45.747571 1.0000e-12     3.9924      0.349    178.302    38.5528  0.000e+00
 292.368834    204.573    13.9382  45.748752 1.0000e-12     3.9920      0.364    178.281    38.5536  0.000e+00
 292.368837    204.778    13.9389  45.748128 1.0000e-12     3.9952      0.280    178.425    38.5523  0.000e+00
 292.368840    204.945    13.9391  45.747851 1.0000e-12     3.9921      0.305    178.288    38.5517  0.000e+00
 292.368843    205.042    13.9392  45.748754 1.0000e-12     3.9919      0.256    178.278    38.5525  0.000e+00
 292.368845    205.067    13.9392  45.749379 1.0000e-12     3.9889      0.372    178.143    38.5530  0.000e+00
 292.368848    205.056    13.9398  45.750004 1.0000e-12     3.9836      0.309    177.906    38.5530  0.000e+00
 292.368851    205.047    13.9403  45.750282 1.0000e-12     3.9883      0.301    178.120    38.5528  0.000e+00
 292.368854    205.085    13.9406  45.750004 1.0000e-12     3.9877      0.275    178.091    38.5521  0.000e+00
 292.368857    205.202    13.9408  45.749102 1.0000e-12     3.9852      0.275    177.978    38.5511  0.000e+00
 292.368860    205.407    13.9405  45.748478 1.0000e-12     3.9850      0.265    177.969    38.5507  0.000e+00
 292.368863    205.691    13.9400  45.749104 1.0000e-12     3.9874      0.357    178.075    38.5517  0.000e+00
 292.368866    206.014    13.9399  45.749731 1.0000e-12     3.9875      0.555    178.084    38.5522  0.000e+00
 292.368869    206.341    13.9398  45.749385 1.0000e-12     3.9871      0.311    178.065    38.5519  0.000e+00
 292.368872    206.619    13.9398  45.749108 1.0000e-12     3.9901      0.454    178.196    38.5514  0.000e+00
 292.368874    206.818    13.9396  45.747581 1.0000e-12     3.9896      0.275    178.177    38.5501  0.000e+00
 292.368877    206.934    13.9391  45.746957 1.0000e-12     3.9916      0.240    178.265    38.5500  0.000e+00
 292.368880    206.958    13.9385  45.748138 1.0000e-12     3.9983      0.237    178.563    38.5517  0.000e+00
 292.368883    206.905    13.9386  45.749110 1.0000e-12     4.0028      0.294    178.766    38.5525  0.000e+00
 292.368886    206.807    13.9390  45.750012 1.0000e-12     4.0046      0.278    178.844    38.5530  0.000e+00
 292.368889    206.673    13.9398  45.750011 1.0000e-12     4.0062      0.389    178.916    38.5522  0.000e+00
 292.368892    206.501    13.9401  45.749385 1.0000e-12     4.0088      0.313    179.034    38.5514  0.000e+00
 292.368895    206.328    13.9403  45.750010 1.0000e-12     4.0037      0.389    178.807    38.5519  0.000e+00
 292.368898    206.216    13.9404  45.750287 1.0000e-12     4.0013      0.359    178.699    38.5521  0.000e+00
 292.368900    206.205    13.9406  45.749731 1.0000e-12     3.9918      0.257    178.275    38.5514  0.000e+00
 292.368903    206.309    13.9406  45.748760 1.0000e-12     3.9865      0.313    178.039    38.5505  0.000e+00
 292.368906    206.523    13.9403  45.748761 1.0000e-12     3.9823      0.301    177.851    38.5507  0.000e+00
 292.368909    206.793    13.9398  45.748484 1.0000e-12     3.9828      1.717    177.872    38.5507  0.000e+00
 292.368912    207.083    13.9393  45.748485 1.0000e-12     3.9808      0.502    177.784    38.5511  0.000e+00
 292.368915    207.337    13.9390  45.749112 1.0000e-12     3.9854      0.607    177.988    38.5519  0.000e+00
 292.368918    207.512    13.9389  45.748765 1.0000e-12     3.9890      0.319    178.147    38.5516  0.000e+00
 292.368921    207.606    13.9389  45.748765 1.0000e-12     3.9938      0.286    178.362    38.5515  0.000e+00
 292.368924    207.619    13.9390  45.749738 1.0000e-12     4.0007      0.257    178.669    38.5524  0.000e+00
 292.368927    207.548    13.9391  45.750293 1.0000e-12     4.0022      0.235    178.737    38.5529  0.000e+00
 292.368929    207.372    13.9395  45.750292 1.0000e-12     4.0068      0.256    178.942    38.5526  0.000e+00
 292.368932    207.126    13.9400  45.750916 1.0000e-12     4.0048      0.257    178.855    38.5527  0.000e+00
 292.368935    206.841    13.9405  45.750915 1.0000e-12     4.0044      0.282    178.835    38.5524  0.000e+00
