Code_for_CTD/Code/CTD_measurements/CTD7708-20241018-MIR-4.cnv
* Sea-Bird SBE19plus Data File:
* FileName = C:\CTD\CTD7708-20241018-MIR-4.hex
* Software Version 1.59
* Temperature SN =  7708
* Conductivity SN =  7708
* System UpLoad Time = Oct 18 2024 09:01:53
* ds
* SBE 19plus V 3.1.8  SERIAL NO. 7708    18 Oct 2024 09:02:31
# nquan = 10
# nvalues = 4945                                  
# units = specified
# name 0 = timeJ: Julian Days
# name 1 = prdM: Pressure, Strain Gauge [db]
# name 2 = tv290C: Temperature [ITS-90, deg C]
# name 3 = c0mS/cm: Conductivity [mS/cm]
# name 4 = par: PAR/Irradiance, Biospherical/Licor
# name 5 = sbeox0ML/L: Oxygen, SBE 43 [ml/l]
# name 6 = seaTurbMtr: Turbidity, Seapoint [FTU]
# name 7 = sbeox0Mm/L: Oxygen, SBE 43 [umol/l]
# name 8 = sal00: Salinity, Practical [PSU]
# name 9 = flag:  0.000e+00
# span 0 = 292.339120, 292.353426                 
# span 1 =     -0.065,    341.153                 
# span 2 =    13.9008,    20.3380                 
# span 3 =   0.014004,  52.298219                 
# span 4 = 1.0000e-12, 3.7628e+02                 
# span 5 =     3.6567,     5.5443                 
# span 6 =      0.000,    120.037                 
# span 7 =    163.308,    247.610                 
# span 8 =     0.0141,    38.6627                 
# span 9 = 0.0000e+00, 0.0000e+00                 
# interval = seconds: 0.25
# start_time = Oct 18 2024 08:08:20 [Instrument's time stamp, header]
# bad_flag = -9.990e-29
*END*
 292.339120     -0.063    18.4638   0.014940 1.0505e+02     5.0999      0.000    227.760     0.0145  0.000e+00
 292.339123     -0.061    18.4644   0.014823 1.0027e+02     5.0991      0.029    227.725     0.0145  0.000e+00
 292.339126     -0.065    18.4624   0.014882 1.0054e+02     5.0988      0.015    227.712     0.0145  0.000e+00
 292.339129     -0.063    18.4606   0.014765 1.1457e+02     5.0995      0.021    227.746     0.0144  0.000e+00
 292.339132     -0.063    18.4603   0.015233 2.4652e+02     5.1000      0.027    227.765     0.0147  0.000e+00
 292.339135     -0.063    18.4611   0.014560 2.6914e+02     5.1004      0.006    227.783     0.0144  0.000e+00
 292.339138     -0.063    18.4603   0.014618 2.6380e+02     5.0978      0.010    227.669     0.0144  0.000e+00
 292.339141     -0.062    18.4532   0.014618 3.1316e+02     5.1014      0.011    227.829     0.0144  0.000e+00
 292.339144     -0.060    18.4391   0.014618 2.8755e+02     5.1018      0.025    227.849     0.0144  0.000e+00
 292.339146     -0.058    18.4202   0.014765 2.8866e+02     5.1010      0.000    227.812     0.0144  0.000e+00
 292.339149     -0.060    18.4023   0.014706 3.0340e+02     5.1037      0.000    227.931     0.0144  0.000e+00
 292.339152     -0.060    18.3959   0.088144 3.4153e+02     5.1005      0.000    227.787     0.0509  0.000e+00
 292.339155     -0.058    18.3920   0.014618 3.6060e+02     5.1058      0.010    228.025     0.0144  0.000e+00
 292.339158     -0.060    18.3898   0.014501 3.6680e+02     5.1050      0.000    227.987     0.0143  0.000e+00
 292.339161     -0.062    18.3881   0.014326 3.6251e+02     5.1067      0.000    228.066     0.0142  0.000e+00
 292.339164     -0.057    18.3815   0.014150 3.5997e+02     5.1035      0.021    227.920     0.0142  0.000e+00
 292.339167     -0.055    18.3655   0.014004 3.5738e+02     5.1106      0.008    228.241     0.0141  0.000e+00
 292.339170     -0.057    18.3462   0.014677 3.5594e+02     5.1087      0.006    228.154     0.0144  0.000e+00
 292.339172     -0.057    18.3353   0.014999 3.3717e+02     5.1154      0.000    228.456     0.0145  0.000e+00
 292.339175     -0.053    18.3350   0.015233 3.3322e+02     5.1128      0.000    228.337     0.0146  0.000e+00
 292.339178     -0.057    18.3398   0.015174 3.2885e+02     5.1158      0.000    228.471     0.0146  0.000e+00
 292.339181     -0.049    18.3471   0.015116 3.2770e+02     5.1094      0.006    228.185     0.0146  0.000e+00
 292.339184     -0.055    18.3541   0.015057 3.2972e+02     5.1096      0.004    228.195     0.0146  0.000e+00
 292.339187     -0.049    18.3602   0.014940 3.3047e+02     5.1107      0.000    228.245     0.0145  0.000e+00
 292.339190     -0.055    18.3654   0.015613 3.3842e+02     5.1104      0.008    228.229     0.0148  0.000e+00
 292.339193     -0.053    18.3693   0.014765 3.5065e+02     5.1086      0.000    228.150     0.0144  0.000e+00
 292.339196     -0.055    18.3725   0.014618 3.5004e+02     5.1078      0.019    228.114     0.0144  0.000e+00
 292.339198     -0.053    18.3688   0.014501 3.4140e+02     5.1075      0.006    228.101     0.0143  0.000e+00
 292.339201     -0.053    18.3587   0.014326 3.3410e+02     5.1138      0.000    228.383     0.0142  0.000e+00
 292.339204     -0.056    18.3366   0.014267 2.6533e+02     5.1163      0.015    228.496     0.0142  0.000e+00
 292.339207     -0.055    18.3136   0.014384 3.1771e+02     5.1168      5.020    228.517     0.0142  0.000e+00
 292.339210      0.059    18.3234   3.660304 3.4630e+02     5.0472     23.087    225.408     2.2388  0.000e+00
 292.339213      0.224    18.7352  48.281663 3.6168e+02     4.0842     12.659    182.403    36.3876  0.000e+00
 292.339216      0.396    19.2742  51.299717 3.6680e+02     3.9953      3.254    178.429    38.4524  0.000e+00
 292.339219      0.535    19.6483  51.420495 3.5562e+02     3.9722      4.091    177.397    38.2092  0.000e+00
 292.339222      0.646    19.8687  51.365238 1.9093e+02     3.9658      1.741    177.115    37.9621  0.000e+00
 292.339225      0.740    19.9825  51.266294 1.2307e+02     3.9672      4.831    177.176    37.7769  0.000e+00
 292.339227      0.841    20.0361  51.312494 9.4354e+01     3.9717      3.027    177.378    37.7670  0.000e+00
 292.339230      0.966    20.0587  51.541243 8.5280e+01     3.9798      1.682    177.737    37.9362  0.000e+00
 292.339233      1.135    20.0774  51.661445 8.6340e+01     3.9940      1.793    178.372    38.0189  0.000e+00
 292.339236      1.358    20.1089  51.837763 8.4412e+01     4.0105      2.562    179.110    38.1365  0.000e+00
 292.339239      1.611    20.1489  51.942208 1.0191e+02     4.0568      2.735    181.176    38.1867  0.000e+00
 292.339242      1.934    20.1847  52.014771 8.6219e+01     4.1261      2.098    184.271    38.2141  0.000e+00
 292.339245      2.316    20.2120  52.074321 6.9313e+01     4.2157      5.116    188.272    38.2385  0.000e+00
 292.339248      2.716    20.2315  52.112399 6.0109e+01     4.3286      8.103    193.317    38.2521  0.000e+00
 292.339251      3.122    20.2455  52.133534 4.9301e+01     4.4633      1.711    199.333    38.2567  0.000e+00
 292.339253      3.464    20.2553  52.128030 3.7701e+01     4.5740      1.017    204.275    38.2431  0.000e+00
 292.339256      3.708    20.2616  52.071899 3.3727e+01     4.6531      0.879    207.809    38.1908  0.000e+00
 292.339259      3.886    20.2640  52.022393 3.6128e+01     4.6967      0.916    209.754    38.1477  0.000e+00
 292.339262      4.000    20.2628  52.052169 3.6704e+01     4.7062      0.902    210.180    38.1733  0.000e+00
 292.339265      4.067    20.2610  52.084666 3.5802e+01     4.6700      0.834    208.564    38.2018  0.000e+00
 292.339268      4.119    20.2560  52.091637 3.9756e+01     4.5987      0.944    205.380    38.2121  0.000e+00
 292.339271      4.203    20.2503  52.111009 4.4526e+01     4.5204      1.141    201.881    38.2333  0.000e+00
 292.339274      4.356    20.2489  52.132879 4.3105e+01     4.4313      1.038    197.900    38.2526  0.000e+00
 292.339277      4.594    20.2516  52.152625 4.6305e+01     4.3753      1.036    195.403    38.2664  0.000e+00
 292.339280      4.930    20.2565  52.165472 4.2325e+01     4.3609      0.944    194.756    38.2724  0.000e+00
 292.339282      5.349    20.2636  52.168630 3.6887e+01     4.3700      0.944    195.164    38.2684  0.000e+00
 292.339285      5.809    20.2697  52.173110 3.4216e+01     4.4020      0.940    196.595    38.2664  0.000e+00
 292.339288      6.200    20.2737  52.145729 3.6815e+01     4.4465      0.927    198.581    38.2399  0.000e+00
 292.339291      6.377    20.2759  52.126646 3.3944e+01     4.4897      0.879    200.509    38.2221  0.000e+00
 292.339294      6.450    20.2630  52.065970 3.0486e+01     4.5238      0.860    202.031    38.1836  0.000e+00
 292.339297      6.431    20.2419  52.050424 2.8578e+01     4.5397      0.952    202.742    38.1900  0.000e+00
 292.339300      6.314    20.2240  52.028279 2.8249e+01     4.5361      0.891    202.582    38.1879  0.000e+00
 292.339303      6.127    20.2071  52.001958 2.8736e+01     4.5089      0.896    201.367    38.1816  0.000e+00
 292.339306      5.906    20.1932  51.979526 3.1255e+01     4.4570      0.908    199.048    38.1757  0.000e+00
 292.339308      5.700    20.1830  51.977475 3.2665e+01     4.3953      1.976    196.292    38.1833  0.000e+00
 292.339311      5.549    20.1761  51.998514 3.3441e+01     4.3151      1.013    192.714    38.2071  0.000e+00
 292.339314      5.486    20.1783  52.061872 3.2497e+01     4.2302      0.885    188.921    38.2576  0.000e+00
 292.339317      5.520    20.1930  52.107943 3.7714e+01     4.1427      0.965    185.015    38.2824  0.000e+00
 292.339320      5.660    20.2109  52.127314 4.2175e+01     4.0690      0.969    181.723    38.2820  0.000e+00
 292.339323      5.862    20.2276  52.131129 4.3884e+01     4.0154      1.041    179.326    38.2699  0.000e+00
 292.339326      6.076    20.2412  52.118285 4.2588e+01     3.9850      1.080    177.969    38.2468  0.000e+00
 292.339329      6.252    20.2503  52.042134 3.7441e+01     3.9887      0.996    178.136    38.1755  0.000e+00
 292.339332      6.368    20.2547  52.013388 3.1078e+01     4.0097      0.927    179.072    38.1477  0.000e+00
 292.339334      6.400    20.2490  52.005471 3.3109e+01     4.0365      0.860    180.271    38.1463  0.000e+00
 292.339337      6.342    20.2221  51.972927 3.2376e+01     4.0513      0.891    180.932    38.1438  0.000e+00
 292.339340      6.192    20.1941  51.951750 3.1484e+01     4.0755      1.013    182.014    38.1518  0.000e+00
 292.339343      5.985    20.1714  51.939148 3.2503e+01     4.0963      0.872    182.939    38.1620  0.000e+00
 292.339346      5.768    20.1551  51.953660 2.9906e+01     4.1107      0.931    183.582    38.1889  0.000e+00
 292.339349      5.605    20.1442  51.974329 3.1585e+01     4.1121      0.841    183.647    38.2160  0.000e+00
 292.339352      5.527    20.1404  52.035182 3.4460e+01     4.0949      0.816    182.876    38.2700  0.000e+00
 292.339355      5.562    20.1573  52.115214 3.6534e+01     4.0685      1.041    181.701    38.3209  0.000e+00
 292.339358      5.719    20.1866  52.137080 3.9405e+01     4.0471      1.017    180.745    38.3122  0.000e+00
 292.339361      5.938    20.2129  52.148821 4.0705e+01     4.0460      0.971    180.694    38.2979  0.000e+00
 292.339363      6.161    20.2343  52.141919 3.6612e+01     4.0741      0.980    181.949    38.2726  0.000e+00
 292.339366      6.333    20.2493  52.086440 3.2158e+01     4.1356      0.982    184.696    38.2130  0.000e+00
 292.339369      6.420    20.2574  52.072207 3.0087e+01     4.1998      0.925    187.562    38.1939  0.000e+00
 292.339372      6.420    20.2483  52.020649 3.1591e+01     4.2595      0.999    190.231    38.1595  0.000e+00
 292.339375      6.328    20.2230  51.994405 3.3578e+01     4.3000      0.933    192.037    38.1607  0.000e+00
 292.339378      6.190    20.1962  51.965381 3.2278e+01     4.3154      1.026    192.724    38.1611  0.000e+00
 292.339381      6.045    20.1759  51.976745 3.0389e+01     4.3025      1.066    192.150    38.1890  0.000e+00
 292.339384      5.949    20.1637  52.005483 2.8004e+01     4.2696      1.043    190.679    38.2240  0.000e+00
 292.339387      5.899    20.1573  52.007170 3.1596e+01     4.2214      0.908    188.527    38.2312  0.000e+00
 292.339389      5.909    20.1650  52.058136 4.0074e+01     4.1711      1.360    186.281    38.2665  0.000e+00
 292.339392      5.947    20.1871  52.077058 4.0669e+01     4.1352      0.940    184.677    38.2620  0.000e+00
 292.339395      5.987    20.2070  52.004083 4.0217e+01     4.1155      0.904    183.797    38.1834  0.000e+00
 292.339398      5.991    20.2199  51.931886 3.6697e+01     4.1045      0.860    183.308    38.1120  0.000e+00
 292.339401      5.955    20.2219  51.901481 3.5713e+01     4.1027      0.916    183.224    38.0850  0.000e+00
 292.339404      5.897    20.1977  51.899434 3.6360e+01     4.1034      0.870    183.259    38.1053  0.000e+00
 292.339407      5.844    20.1657  51.942226 3.6867e+01     4.0934      0.872    182.811    38.1698  0.000e+00
 292.339410      5.824    20.1459  51.977775 3.2810e+01     4.0860      0.858    182.480    38.2172  0.000e+00
 292.339413      5.870    20.1427  52.036577 3.0814e+01     4.0688      0.971    181.714    38.2689  0.000e+00
 292.339416      5.978    20.1623  52.103401 3.2503e+01     4.0494      1.036    180.846    38.3064  0.000e+00
 292.339418      6.142    20.1906  52.126660 2.9451e+01     4.0233      1.057    179.679    38.2998  0.000e+00
 292.339421      6.317    20.2157  52.131500 2.7028e+01     4.0060      1.032    178.906    38.2809  0.000e+00
 292.339424      6.468    20.2342  52.073604 2.8380e+01     4.0057      0.965    178.895    38.2161  0.000e+00
 292.339427      6.556    20.2454  51.997848 3.0077e+01     4.0225      0.895    179.647    38.1432  0.000e+00
 292.339430      6.554    20.2420  51.991617 2.9248e+01     4.0513      0.902    180.932    38.1412  0.000e+00
 292.339433      6.446    20.2085  51.975055 3.6315e+01     4.0811      0.902    182.264    38.1578  0.000e+00
 292.339436      6.258    20.1765  51.961573 4.0074e+01     4.1218      0.910    184.080    38.1758  0.000e+00
 292.339439      6.029    20.1546  51.957105 3.4271e+01     4.1583      0.916    185.712    38.1921  0.000e+00
 292.339442      5.827    20.1412  51.986425 3.2101e+01     4.1795      0.891    186.655    38.2287  0.000e+00
 292.339444      5.698    20.1335  51.999548 2.9446e+01     4.1845      0.996    186.880    38.2466  0.000e+00
 292.339447      5.662    20.1324  52.042811 3.9419e+01     4.1662      1.108    186.063    38.2835  0.000e+00
 292.339450      5.747    20.1533  52.120059 4.4819e+01     4.1312      1.013    184.499    38.3285  0.000e+00
 292.339453      5.924    20.1847  52.142586 3.8044e+01     4.0881      1.032    182.574    38.3185  0.000e+00
 292.339456      6.142    20.2126  52.148528 3.6057e+01     4.0692      0.988    181.730    38.2979  0.000e+00
 292.339459      6.334    20.2327  52.137369 3.6340e+01     4.0837      1.061    182.377    38.2702  0.000e+00
 292.339462      6.464    20.2457  52.058712 3.8815e+01     4.1320      1.013    184.537    38.1933  0.000e+00
 292.339465      6.508    20.2537  52.052183 3.7328e+01     4.1899      1.066    187.121    38.1807  0.000e+00
 292.339468      6.457    20.2449  52.052477 3.6985e+01     4.2438      0.900    189.528    38.1889  0.000e+00
 292.339470      6.321    20.2213  52.029306 3.4805e+01     4.2881      0.969    191.507    38.1912  0.000e+00
 292.339473      6.160    20.2037  52.018602 2.9715e+01     4.3182      0.919    192.852    38.1984  0.000e+00
 292.339476      6.008    20.1918  52.033122 2.4241e+01     4.3229      0.866    193.061    38.2213  0.000e+00
 292.339479      5.916    20.1842  52.050798 2.4916e+01     4.2936      0.980    191.751    38.2428  0.000e+00
 292.339482      5.898    20.1809  52.065982 3.0995e+01     4.2402      0.935    189.367    38.2585  0.000e+00
 292.339485      5.954    20.1902  52.113156 3.4295e+01     4.1713      0.931    186.290    38.2890  0.000e+00
 292.339488      6.064    20.2093  52.129445 4.3281e+01     4.1090      1.043    183.510    38.2851  0.000e+00
 292.339491      6.184    20.2266  52.122838 3.6684e+01     4.0588      0.969    181.267    38.2638  0.000e+00
 292.339494      6.276    20.2392  52.061499 3.7889e+01     4.0314      0.992    180.044    38.2016  0.000e+00
 292.339497      6.329    20.2474  52.014782 4.2967e+01     4.0243      0.931    179.725    38.1555  0.000e+00
 292.339499      6.345    20.2445  52.011704 3.6880e+01     4.0242      0.944    179.719    38.1555  0.000e+00
 292.339502      6.321    20.2171  52.014128 3.2468e+01     4.0238      1.019    179.703    38.1824  0.000e+00
 292.339505      6.269    20.1897  52.012739 2.8406e+01     4.0247      0.965    179.745    38.2062  0.000e+00
 292.339508      6.212    20.1716  52.032467 2.8004e+01     4.0183      0.900    179.456    38.2390  0.000e+00
 292.339511      6.158    20.1610  52.037968 3.0524e+01     4.0074      0.847    178.970    38.2532  0.000e+00
 292.339514      6.138    20.1561  52.028949 3.5454e+01     3.9888      0.969    178.142    38.2502  0.000e+00
 292.339517      6.149    20.1614  52.039362 3.6122e+01     3.9631      1.032    176.993    38.2541  0.000e+00
 292.339520      6.181    20.1771  52.050434 3.4645e+01     3.9376      1.019    175.853    38.2489  0.000e+00
 292.339523      6.216    20.1931  52.019631 3.0797e+01     3.9095      0.999    174.598    38.2089  0.000e+00
 292.339525      6.223    20.2014  51.990596 2.8079e+01     3.8799      0.933    173.275    38.1773  0.000e+00
 292.339528      6.201    20.2064  51.978866 2.8808e+01     3.8408      1.057    171.530    38.1630  0.000e+00
 292.339531      6.163    20.1952  51.974983 3.2840e+01     3.8026      0.958    169.825    38.1700  0.000e+00
 292.339534      6.122    20.1757  51.993385 3.3643e+01     3.7571      1.049    167.792    38.2029  0.000e+00
