Code_for_CTD/Code/CTD_measurements/CTD7708-20241018-MIR-4.cnv
* Sea-Bird SBE19plus Data File:
* FileName = C:\CTD\CTD7708-20241018-MIR-4.hex
* Software Version 1.59
* Temperature SN =  7708
* Conductivity SN =  7708
* System UpLoad Time = Oct 18 2024 09:01:53
* ds
* SBE 19plus V 3.1.8  SERIAL NO. 7708    18 Oct 2024 09:02:31
# nquan = 10
# nvalues = 4945                                  
# units = specified
# name 0 = timeJ: Julian Days
# name 1 = prdM: Pressure, Strain Gauge [db]
# name 2 = tv290C: Temperature [ITS-90, deg C]
# name 3 = c0mS/cm: Conductivity [mS/cm]
# name 4 = par: PAR/Irradiance, Biospherical/Licor
# name 5 = sbeox0ML/L: Oxygen, SBE 43 [ml/l]
# name 6 = seaTurbMtr: Turbidity, Seapoint [FTU]
# name 7 = sbeox0Mm/L: Oxygen, SBE 43 [umol/l]
# name 8 = sal00: Salinity, Practical [PSU]
# name 9 = flag:  0.000e+00
# span 0 = 292.339120, 292.353426                 
# span 1 =     -0.065,    341.153                 
# span 2 =    13.9008,    20.3380                 
# span 3 =   0.014004,  52.298219                 
# span 4 = 1.0000e-12, 3.7628e+02                 
# span 5 =     3.6567,     5.5443                 
# span 6 =      0.000,    120.037                 
# span 7 =    163.308,    247.610                 
# span 8 =     0.0141,    38.6627                 
# span 9 = 0.0000e+00, 0.0000e+00                 
# interval = seconds: 0.25
# start_time = Oct 18 2024 08:08:20 [Instrument's time stamp, header]
# bad_flag = -9.990e-29
*END*
[from data line 3604]
 292.349549    210.679    13.9446  45.762321 1.0000e-12     3.9591      0.280    176.816    38.5573  0.000e+00
 292.349552    210.575    13.9444  45.762599 1.0000e-12     3.9631      0.334    176.993    38.5578  0.000e+00
 292.349554    210.452    13.9444  45.762320 1.0000e-12     3.9627      0.265    176.976    38.5576  0.000e+00
 292.349557    210.311    13.9444  45.761695 1.0000e-12     3.9644      0.273    177.051    38.5571  0.000e+00
 292.349560    210.167    13.9442  45.761416 1.0000e-12     3.9611      0.273    176.904    38.5571  0.000e+00
 292.349563    210.004    13.9443  45.760790 1.0000e-12     3.9579      0.319    176.760    38.5565  0.000e+00
 292.349566    209.822    13.9441  45.760165 1.0000e-12     3.9556      0.294    176.657    38.5562  0.000e+00
 292.349569    209.630    13.9441  45.759539 1.0000e-12     3.9603      0.372    176.866    38.5557  0.000e+00
 292.349572    209.442    13.9438  45.759191 1.0000e-12     3.9618      0.309    176.934    38.5557  0.000e+00
 292.349575    209.242    13.9438  45.758634 1.0000e-12     3.9596      0.265    176.837    38.5553  0.000e+00
 292.349578    209.066    13.9436  45.757661 1.0000e-12     3.9611      0.296    176.903    38.5546  0.000e+00
 292.349580    208.910    13.9436  45.757105 1.0000e-12     3.9650      0.343    177.079    38.5542  0.000e+00
 292.349583    208.769    13.9434  45.756132 1.0000e-12     3.9637      0.444    177.017    38.5535  0.000e+00
 292.349586    208.631    13.9432  45.756131 1.0000e-12     3.9670      0.288    177.165    38.5538  0.000e+00
 292.349589    208.475    13.9431  45.754325 1.0000e-12     3.9654      0.324    177.095    38.5522  0.000e+00
 292.349592    208.263    13.9429  45.752449 1.0000e-12     3.9649      0.273    177.072    38.5508  0.000e+00
 292.349595    207.994    13.9424  45.751267 1.0000e-12     3.9680      0.252    177.210    38.5503  0.000e+00
 292.349598    207.673    13.9421  45.750293 1.0000e-12     3.9685      0.320    177.233    38.5498  0.000e+00
 292.349601    207.330    13.9418  45.749736 1.0000e-12     3.9690      0.280    177.257    38.5497  0.000e+00
 292.349604    206.978    13.9418  45.748137 1.0000e-12     3.9655      0.286    177.098    38.5484  0.000e+00
 292.349606    206.659    13.9415  45.746608 1.0000e-12     3.9661      0.319    177.128    38.5473  0.000e+00
 292.349609    206.367    13.9414  45.745704 1.0000e-12     3.9658      0.336    177.112    38.5467  0.000e+00
 292.349612    206.111    13.9409  45.744453 1.0000e-12     3.9655      0.296    177.097    38.5462  0.000e+00
 292.349615    205.892    13.9408  45.743271 1.0000e-12     3.9689      0.278    177.252    38.5452  0.000e+00
 292.349618    205.728    13.9407  45.742298 1.0000e-12     3.9650      0.296    177.075    38.5445  0.000e+00
 292.349621    205.623    13.9403  45.742645 1.0000e-12     3.9708      0.273    177.335    38.5452  0.000e+00
 292.349624    205.583    13.9401  45.742020 1.0000e-12     3.9752      0.256    177.532    38.5449  0.000e+00
 292.349627    205.572    13.9399  45.741117 1.0000e-12     3.9776      0.357    177.639    38.5442  0.000e+00
 292.349630    205.558    13.9396  45.740492 1.0000e-12     3.9838      0.317    177.917    38.5440  0.000e+00
 292.349633    205.507    13.9395  45.740492 1.0000e-12     3.9834      0.399    177.899    38.5441  0.000e+00
 292.349635    205.393    13.9394  45.740214 1.0000e-12     3.9815      0.319    177.812    38.5440  0.000e+00
 292.349638    205.235    13.9395  45.740213 1.0000e-12     3.9838      0.259    177.915    38.5440  0.000e+00
 292.349641    205.057    13.9393  45.740212 1.0000e-12     3.9944      0.256    178.391    38.5442  0.000e+00
 292.349644    204.889    13.9393  45.739864 1.0000e-12     3.9972      0.280    178.514    38.5440  0.000e+00
 292.349647    204.749    13.9392  45.739586 1.0000e-12     3.9950      0.317    178.418    38.5438  0.000e+00
 292.349650    204.638    13.9392  45.739586 1.0000e-12     3.9951      0.319    178.420    38.5440  0.000e+00
 292.349653    204.539    13.9391  45.739238 1.0000e-12     3.9853      0.278    177.982    38.5437  0.000e+00
 292.349656    204.435    13.9391  45.738057 1.0000e-12     3.9789      0.273    177.699    38.5427  0.000e+00
 292.349659    204.312    13.9390  45.736529 1.0000e-12     3.9869      0.296    178.054    38.5414  0.000e+00
 292.349661    204.165    13.9386  45.734028 1.0000e-12     3.9842      0.275    177.935    38.5395  0.000e+00
 292.349664    203.987    13.9380  45.733125 1.0000e-12     3.9896      0.349    178.173    38.5393  0.000e+00
 292.349667    203.782    13.9375  45.731249 1.0000e-12     3.9936      0.317    178.356    38.5381  0.000e+00
 292.349670    203.568    13.9370  45.726666 1.0000e-12     3.9962      0.265    178.470    38.5344  0.000e+00
 292.349673    203.347    13.9359  45.723888 1.0000e-12     4.0024      0.301    178.749    38.5330  0.000e+00
 292.349676    203.138    13.9344  45.720554 1.0000e-12     4.0059      0.296    178.905    38.5314  0.000e+00
 292.349679    202.946    13.9329  45.717499 1.0000e-12     4.0026      0.311    178.758    38.5301  0.000e+00
 292.349682    202.756    13.9313  45.711944 1.0000e-12     3.9993      0.257    178.611    38.5266  0.000e+00
 292.349685    202.556    13.9290  45.708264 1.0000e-12     4.0036      0.257    178.802    38.5254  0.000e+00
 292.349688    202.349    13.9267  45.707361 1.0000e-12     4.0016      0.235    178.712    38.5270  0.000e+00
 292.349690    202.110    13.9251  45.704305 1.0000e-12     4.0050      0.286    178.861    38.5258  0.000e+00
 292.349693    201.834    13.9236  45.698751 1.0000e-12     4.0119      0.364    179.172    38.5221  0.000e+00
 292.349696    201.517    13.9216  45.692919 1.0000e-12     4.0177      0.303    179.429    38.5188  0.000e+00
 292.349699    201.183    13.9193  45.688614 1.0000e-12     4.0213      0.530    179.592    38.5172  0.000e+00
 292.349702    200.838    13.9167  45.685282 1.0000e-12     4.0283      0.288    179.903    38.5168  0.000e+00
 292.349705    200.510    13.9146  45.682504 1.0000e-12     4.0321      0.257    180.075    38.5164  0.000e+00
 292.349708    200.222    13.9125  45.678825 1.0000e-12     4.0355      0.221    180.227    38.5152  0.000e+00
 292.349711    199.964    13.9108  45.674521 1.0000e-12     4.0434      0.294    180.580    38.5129  0.000e+00
 292.349714    199.715    13.9087  45.670564 1.0000e-12     4.0493      0.256    180.841    38.5113  0.000e+00
 292.349716    199.460    13.9069  45.666608 1.0000e-12     4.0533      0.242    181.019    38.5096  0.000e+00
 292.349719    199.188    13.9052  45.664456 1.0000e-12     4.0580      0.280    181.228    38.5093  0.000e+00
 292.349722    198.912    13.9040  45.662303 1.0000e-12     4.0614      0.280    181.380    38.5086  0.000e+00
 292.349725    198.653    13.9032  45.661053 1.0000e-12     4.0680      0.250    181.677    38.5084  0.000e+00
 292.349728    198.439    13.9026  45.659873 1.0000e-12     4.0692      0.250    181.728    38.5079  0.000e+00
 292.349731    198.277    13.9023  45.658623 1.0000e-12     4.0706      0.250    181.792    38.5072  0.000e+00
 292.349734    198.170    13.9020  45.658276 1.0000e-12     4.0736      0.235    181.925    38.5071  0.000e+00
 292.349737    198.094    13.9017  45.657998 1.0000e-12     4.0740      0.204    181.944    38.5072  0.000e+00
 292.349740    197.994    13.9015  45.657997 1.0000e-12     4.0753      0.219    182.003    38.5074  0.000e+00
 292.349742    197.851    13.9014  45.657095 1.0000e-12     4.0805      0.210    182.236    38.5068  0.000e+00
 292.349745    197.671    13.9012  45.656469 1.0000e-12     4.0772      0.235    182.086    38.5064  0.000e+00
 292.349748    197.470    13.9012  45.655844 1.0000e-12     4.0750      0.250    181.989    38.5059  0.000e+00
 292.349751    197.262    13.9011  45.655566 1.0000e-12     4.0739      1.238    181.939    38.5059  0.000e+00
 292.349754    197.098    13.9010  45.655218 1.0000e-12     4.0726      0.399    181.883    38.5057  0.000e+00
 292.349757    196.997    13.9010  45.655218 1.0000e-12     4.0704      0.296    181.785    38.5058  0.000e+00
 292.349760    196.960    13.9010  45.655217 1.0000e-12     4.0644      0.280    181.514    38.5058  0.000e+00
 292.349763    196.953    13.9011  45.654662 1.0000e-12     4.0660      0.263    181.586    38.5052  0.000e+00
 292.349766    196.932    13.9011  45.654662 1.0000e-12     4.0607      0.242    181.352    38.5052  0.000e+00
 292.349769    196.826    13.9011  45.654939 1.0000e-12     4.0624      0.418    181.425    38.5055  0.000e+00
 292.349771    196.616    13.9010  45.654661 1.0000e-12     4.0579      0.357    181.228    38.5054  0.000e+00
 292.349774    196.288    13.9011  45.654312 1.0000e-12     4.0537      0.282    181.040    38.5051  0.000e+00
 292.349777    195.861    13.9012  45.654311 1.0000e-12     4.0565      0.275    181.164    38.5052  0.000e+00
 292.349780    195.364    13.9013  45.654031 1.0000e-12     4.0538      0.263    181.042    38.5051  0.000e+00
 292.349783    194.856    13.9014  45.653682 1.0000e-12     4.0539      0.257    181.045    38.5049  0.000e+00
 292.349786    194.397    13.9014  45.653402 1.0000e-12     4.0509      0.271    180.911    38.5049  0.000e+00
 292.349789    194.000    13.9015  45.652776 1.0000e-12     4.0490      0.282    180.829    38.5043  0.000e+00
 292.349792    193.712    13.9014  45.652150 1.0000e-12     4.0528      0.219    180.997    38.5040  0.000e+00
 292.349795    193.527    13.9014  45.651872 1.0000e-12     4.0548      0.257    181.087    38.5038  0.000e+00
 292.349797    193.434    13.9011  45.650969 1.0000e-12     4.0556      0.217    181.124    38.5032  0.000e+00
 292.349800    193.411    13.9009  45.650969 1.0000e-12     4.0582      0.227    181.241    38.5034  0.000e+00
 292.349803    193.424    13.9009  45.650345 1.0000e-12     4.0562      0.242    181.151    38.5029  0.000e+00
 292.349806    193.418    13.9008  45.649998 1.0000e-12     4.0589      0.229    181.272    38.5027  0.000e+00
 292.349809    193.364    13.9008  45.650345 1.0000e-12     4.0592      0.221    181.285    38.5030  0.000e+00
 292.349812    193.195    13.9009  45.649997 1.0000e-12     4.0605      0.320    181.343    38.5027  0.000e+00
 292.349815    192.923    13.9008  45.649996 1.0000e-12     4.0569      0.219    181.183    38.5029  0.000e+00
 292.349818    192.557    13.9008  45.649994 1.0000e-12     4.0562      0.229    181.152    38.5030  0.000e+00
 292.349821    192.138    13.9009  45.649715 1.0000e-12     4.0563      0.240    181.153    38.5028  0.000e+00
 292.349823    191.709    13.9011  45.649713 1.0000e-12     4.0540      0.351    181.053    38.5028  0.000e+00
 292.349826    191.334    13.9013  45.650336 1.0000e-12     4.0605      0.311    181.343    38.5034  0.000e+00
 292.349829    191.020    13.9017  45.650612 1.0000e-12     4.0574      0.404    181.202    38.5034  0.000e+00
 292.349832    190.781    13.9024  45.652484 1.0000e-12     4.0590      0.288    181.276    38.5046  0.000e+00
 292.349835    190.587    13.9035  45.652761 1.0000e-12     4.0578      0.305    181.222    38.5039  0.000e+00
 292.349838    190.443    13.9049  45.653107 1.0000e-12     4.0591      0.319    181.279    38.5028  0.000e+00
 292.349841    190.331    13.9061  45.653384 1.0000e-12     4.0594      0.357    181.294    38.5019  0.000e+00
 292.349844    190.229    13.9067  45.653106 1.0000e-12     4.0617      0.319    181.397    38.5011  0.000e+00
 292.349847    190.130    13.9074  45.653383 1.0000e-12     4.0622      0.235    181.418    38.5007  0.000e+00
 292.349850    190.023    13.9079  45.653382 1.0000e-12     4.0613      0.229    181.379    38.5002  0.000e+00
 292.349852    189.919    13.9087  45.653381 1.0000e-12     4.0653      0.250    181.556    38.4994  0.000e+00
 292.349855    189.827    13.9094  45.653381 1.0000e-12     4.0584      0.313    181.247    38.4988  0.000e+00
 292.349858    189.723    13.9097  45.653103 1.0000e-12     4.0625      0.448    181.430    38.4983  0.000e+00
 292.349861    189.608    13.9099  45.653102 1.0000e-12     4.0588      0.311    181.268    38.4981  0.000e+00
 292.349864    189.451    13.9102  45.652755 1.0000e-12     4.0544      0.250    181.071    38.4976  0.000e+00
 292.349867    189.263    13.9102  45.652476 1.0000e-12     4.0562      0.217    181.151    38.4975  0.000e+00
 292.349870    189.022    13.9103  45.651851 1.0000e-12     4.0545      0.456    181.075    38.4968  0.000e+00
 292.349873    188.753    13.9104  45.651503 1.0000e-12     4.0560      0.393    181.142    38.4965  0.000e+00
 292.349876    188.467    13.9102  45.651224 1.0000e-12     4.0510      0.235    180.916    38.4966  0.000e+00
 292.349878    188.184    13.9104  45.650598 1.0000e-12     4.0534      0.248    181.023    38.4959  0.000e+00
 292.349881    187.915    13.9105  45.649972 1.0000e-12     4.0573      0.257    181.201    38.4953  0.000e+00
 292.349884    187.689    13.9106  45.649069 1.0000e-12     4.0564      0.654    181.158    38.4945  0.000e+00
 292.349887    187.487    13.9107  45.648444 1.0000e-12     4.0577      0.303    181.219    38.4939  0.000e+00
 292.349890    187.310    13.9109  45.647541 1.0000e-12     4.0548      0.303    181.090    38.4929  0.000e+00
 292.349893    187.128    13.9108  45.646916 1.0000e-12     4.0587      0.217    181.261    38.4925  0.000e+00
 292.349896    186.903    13.9108  45.646291 1.0000e-12     4.0592      0.256    181.283    38.4920  0.000e+00
 292.349899    186.613    13.9108  45.645734 1.0000e-12     4.0601      0.374    181.322    38.4917  0.000e+00
 292.349902    186.281    13.9105  45.644761 1.0000e-12     4.0588      0.372    181.267    38.4911  0.000e+00
 292.349905    185.911    13.9104  45.643858 1.0000e-12     4.0582      0.237    181.239    38.4906  0.000e+00
 292.349907    185.552    13.9101  45.642330 1.0000e-12     4.0606      0.341    181.346    38.4896  0.000e+00
 292.349910    185.233    13.9099  45.641080 1.0000e-12     4.0599      0.387    181.315    38.4887  0.000e+00
 292.349913    184.988    13.9096  45.640177 1.0000e-12     4.0635      0.257    181.478    38.4883  0.000e+00
 292.349916    184.832    13.9093  45.639274 1.0000e-12     4.0639      0.250    181.495    38.4878  0.000e+00
 292.349919    184.771    13.9090  45.638025 1.0000e-12     4.0632      0.227    181.463    38.4869  0.000e+00
 292.349922    184.760    13.9087  45.637123 1.0000e-12     4.0621      0.196    181.415    38.4863  0.000e+00
 292.349925    184.758    13.9084  45.636846 1.0000e-12     4.0652      0.202    181.553    38.4865  0.000e+00
 292.349928    184.716    13.9081  45.637123 1.0000e-12     4.0651      0.204    181.549    38.4870  0.000e+00
 292.349931    184.618    13.9080  45.636498 1.0000e-12     4.0677      1.991    181.663    38.4866  0.000e+00
 292.349933    184.464    13.9080  45.636498 1.0000e-12     4.0656      0.364    181.568    38.4866  0.000e+00
 292.349936    184.265    13.9080  45.636219 1.0000e-12     4.0664      0.290    181.607    38.4865  0.000e+00
 292.349939    184.038    13.9081  45.636218 1.0000e-12     4.0649      0.214    181.539    38.4864  0.000e+00
 292.349942    183.808    13.9079  45.636217 1.0000e-12     4.0674      0.221    181.648    38.4868  0.000e+00
 292.349945    183.577    13.9079  45.635869 1.0000e-12     4.0666      0.267    181.616    38.4865  0.000e+00
 292.349948    183.338    13.9080  45.635313 1.0000e-12     4.0643      0.273    181.513    38.4860  0.000e+00
 292.349951    183.075    13.9079  45.634688 1.0000e-12     4.0647      0.271    181.528    38.4857  0.000e+00
 292.349954    182.801    13.9077  45.633438 1.0000e-12     4.0664      0.441    181.607    38.4848  0.000e+00
 292.349957    182.525    13.9075  45.631911 1.0000e-12     4.0679      0.317    181.674    38.4837  0.000e+00
 292.349959    182.258    13.9073  45.631008 1.0000e-12     4.0695      0.273    181.744    38.4831  0.000e+00
