Code_for_CTD/Code/CTD_measurements/CTD7708-20241015-MIR-1.cnv
* Sea-Bird SBE19plus Data File:
* FileName = C:\CTD\CTD7708-20241015-MIR-1.hex
* Software Version 1.59
* Temperature SN =  7708
* Conductivity SN =  7708
* System UpLoad Time = Oct 15 2024 08:52:56
* ds
* SBE 19plus V 3.1.8  SERIAL NO. 7708    15 Oct 2024 08:52:31
# nquan = 10
# nvalues = 6498                                  
# units = specified
# name 0 = timeJ: Julian Days
# name 1 = prdM: Pressure, Strain Gauge [db]
# name 2 = tv290C: Temperature [ITS-90, deg C]
# name 3 = c0mS/cm: Conductivity [mS/cm]
# name 4 = par: PAR/Irradiance, Biospherical/Licor
# name 5 = sbeox0ML/L: Oxygen, SBE 43 [ml/l]
# name 6 = seaTurbMtr: Turbidity, Seapoint [FTU]
# name 7 = sbeox0Mm/L: Oxygen, SBE 43 [umol/l]
# name 8 = sal00: Salinity, Practical [PSU]
# name 9 = flag:  0.000e+00
# span 0 = 289.348368, 289.367167                 
# span 1 =     -0.048,    463.058                 
# span 2 =    13.8920,    19.7881                 
# span 3 =  -1.291147,  51.693101                 
# span 4 = 1.0000e-12, 2.7402e+02                 
# span 5 =     3.6148,     6.1147                 
# span 6 =      0.000,    120.106                 
# span 7 =    161.435,    273.082                 
# span 8 =     0.0000,    38.6781                 
# span 9 = 0.0000e+00, 0.0000e+00                 
# interval = seconds: 0.25
# start_time = Oct 15 2024 08:21:39 [Instrument's time stamp, header]
# bad_flag = -9.990e-29
*END*
[from data line 2595]
 289.355877    324.287    13.9737  45.940980 1.0000e-12     3.7835      0.317    168.969    38.6463  0.000e+00
 289.355880    324.143    13.9737  45.941605 1.0000e-12     3.7831      0.267    168.952    38.6470  0.000e+00
 289.355883    323.976    13.9741  45.941604 1.0000e-12     3.7836      0.263    168.978    38.6467  0.000e+00
 289.355885    323.858    13.9744  45.941604 1.0000e-12     3.7854      0.290    169.056    38.6464  0.000e+00
 289.355888    323.858    13.9745  45.941326 1.0000e-12     3.7847      0.288    169.027    38.6460  0.000e+00
 289.355891    324.018    13.9746  45.940978 1.0000e-12     3.7848      0.370    169.029    38.6456  0.000e+00
 289.355894    324.300    13.9744  45.940701 1.0000e-12     3.7846      0.311    169.022    38.6454  0.000e+00
 289.355897    324.661    13.9742  45.940981 1.0000e-12     3.7839      0.444    168.990    38.6457  0.000e+00
 289.355900    325.073    13.9740  45.941331 1.0000e-12     3.7878      0.328    169.163    38.6460  0.000e+00
 289.355903    325.477    13.9737  45.941611 1.0000e-12     3.7885      0.324    169.194    38.6464  0.000e+00
 289.355906    325.787    13.9740  45.942239 1.0000e-12     3.7865      0.349    169.104    38.6466  0.000e+00
 289.355909    325.963    13.9737  45.942239 1.0000e-12     3.7868      0.294    169.117    38.6468  0.000e+00
 289.355911    325.989    13.9738  45.942239 1.0000e-12     3.7861      0.271    169.089    38.6466  0.000e+00
 289.355914    325.914    13.9738  45.942865 1.0000e-12     3.7819      0.275    168.902    38.6473  0.000e+00
 289.355917    325.795    13.9741  45.943143 1.0000e-12     3.7829      0.351    168.946    38.6473  0.000e+00
 289.355920    325.669    13.9745  45.942864 1.0000e-12     3.7827      0.303    168.937    38.6467  0.000e+00
 289.355923    325.599    13.9746  45.942864 1.0000e-12     3.7843      0.317    169.005    38.6466  0.000e+00
 289.355926    325.635    13.9747  45.942586 1.0000e-12     3.7821      0.374    168.909    38.6462  0.000e+00
 289.355929    325.813    13.9747  45.942239 1.0000e-12     3.7862      0.370    169.090    38.6459  0.000e+00
 289.355932    326.071    13.9747  45.942240 1.0000e-12     3.7815      0.263    168.883    38.6458  0.000e+00
 289.355935    326.393    13.9744  45.942589 1.0000e-12     3.7904      0.328    169.280    38.6463  0.000e+00
 289.355937    326.710    13.9743  45.942869 1.0000e-12     3.7872      0.319    169.136    38.6465  0.000e+00
 289.355940    327.026    13.9741  45.942870 1.0000e-12     3.7886      0.324    169.200    38.6465  0.000e+00
 289.355943    327.270    13.9741  45.943150 1.0000e-12     3.7860      0.313    169.084    38.6467  0.000e+00
 289.355946    327.430    13.9740  45.943498 1.0000e-12     3.7847      0.311    169.024    38.6470  0.000e+00
 289.355949    327.513    13.9738  45.943498 1.0000e-12     3.7830      0.235    168.950    38.6471  0.000e+00
 289.355952    327.533    13.9739  45.944125 1.0000e-12     3.7854      0.334    169.054    38.6476  0.000e+00
 289.355955    327.524    13.9740  45.944403 1.0000e-12     3.7816      0.319    168.887    38.6478  0.000e+00
 289.355958    327.508    13.9744  45.944751 1.0000e-12     3.7824      0.278    168.923    38.6477  0.000e+00
 289.355961    327.506    13.9746  45.944751 1.0000e-12     3.7794      0.301    168.786    38.6476  0.000e+00
 289.355964    327.555    13.9749  45.944403 1.0000e-12     3.7799      0.380    168.811    38.6469  0.000e+00
 289.355966    327.668    13.9750  45.943499 1.0000e-12     3.7811      0.336    168.865    38.6459  0.000e+00
 289.355969    327.851    13.9745  45.943778 1.0000e-12     3.7788      0.988    168.759    38.6466  0.000e+00
 289.355972    328.089    13.9743  45.944127 1.0000e-12     3.7799      0.740    168.810    38.6470  0.000e+00
 289.355975    328.373    13.9740  45.944407 1.0000e-12     3.7815      0.357    168.880    38.6475  0.000e+00
 289.355978    328.672    13.9737  45.945034 1.0000e-12     3.7833      0.290    168.962    38.6482  0.000e+00
 289.355981    328.950    13.9736  45.945035 1.0000e-12     3.7837      0.328    168.982    38.6482  0.000e+00
 289.355984    329.195    13.9735  45.945037 1.0000e-12     3.7832      0.290    168.959    38.6481  0.000e+00
 289.355987    329.402    13.9733  45.945316 1.0000e-12     3.7865      0.303    169.105    38.6485  0.000e+00
 289.355990    329.566    13.9733  45.945664 1.0000e-12     3.7821      0.332    168.908    38.6488  0.000e+00
 289.355992    329.691    13.9732  45.945665 1.0000e-12     3.7883      0.320    169.184    38.6489  0.000e+00
 289.355995    329.775    13.9730  45.945317 1.0000e-12     3.7868      0.257    169.117    38.6487  0.000e+00
 289.355998    329.826    13.9733  45.945666 1.0000e-12     3.7734      0.256    168.520    38.6488  0.000e+00
 289.356001    329.851    13.9732  45.945944 1.0000e-12     3.7748      0.324    168.584    38.6491  0.000e+00
 289.356004    329.879    13.9733  45.946292 1.0000e-12     3.7719      0.280    168.451    38.6493  0.000e+00
 289.356007    329.931    13.9732  45.946292 1.0000e-12     3.7721      0.347    168.464    38.6494  0.000e+00
 289.356010    330.022    13.9735  45.945945 1.0000e-12     3.7702      0.288    168.376    38.6487  0.000e+00
 289.356013    330.155    13.9733  45.945667 1.0000e-12     3.7657      0.286    168.177    38.6485  0.000e+00
 289.356016    330.329    13.9733  45.946294 1.0000e-12     3.7638      0.343    168.090    38.6491  0.000e+00
 289.356019    330.536    13.9730  45.946573 1.0000e-12     3.7690      0.288    168.322    38.6496  0.000e+00
 289.356021    330.754    13.9729  45.946574 1.0000e-12     3.7733      0.423    168.514    38.6496  0.000e+00
 289.356024    330.985    13.9727  45.946923 1.0000e-12     3.7721      0.319    168.461    38.6500  0.000e+00
 289.356027    331.223    13.9726  45.946924 1.0000e-12     3.7712      0.479    168.424    38.6500  0.000e+00
 289.356030    331.457    13.9726  45.946925 1.0000e-12     3.7814      0.319    168.879    38.6499  0.000e+00
 289.356033    331.679    13.9725  45.947204 1.0000e-12     3.7821      0.319    168.910    38.6501  0.000e+00
 289.356036    331.872    13.9726  45.947553 1.0000e-12     3.7849      0.305    169.035    38.6503  0.000e+00
 289.356039    332.024    13.9724  45.947554 1.0000e-12     3.7825      0.278    168.927    38.6504  0.000e+00
 289.356042    332.151    13.9723  45.947554 1.0000e-12     3.7867      0.301    169.114    38.6505  0.000e+00
 289.356045    332.251    13.9719  45.947833 1.0000e-12     3.7811      0.290    168.862    38.6511  0.000e+00
 289.356047    332.349    13.9718  45.947834 1.0000e-12     3.7785      0.324    168.747    38.6512  0.000e+00
 289.356050    332.444    13.9716  45.947834 1.0000e-12     3.7719      0.296    168.455    38.6513  0.000e+00
 289.356053    332.542    13.9717  45.947834 1.0000e-12     3.7694      0.343    168.342    38.6512  0.000e+00
 289.356056    332.651    13.9717  45.947835 1.0000e-12     3.7620      0.341    168.010    38.6511  0.000e+00
 289.356059    332.773    13.9716  45.947836 1.0000e-12     3.7601      0.357    167.927    38.6512  0.000e+00
 289.356062    332.898    13.9717  45.948114 1.0000e-12     3.7572      0.301    167.797    38.6513  0.000e+00
 289.356065    333.029    13.9715  45.948115 1.0000e-12     3.7641      0.471    168.105    38.6514  0.000e+00
 289.356068    333.162    13.9716  45.948116 1.0000e-12     3.7680      0.576    168.278    38.6512  0.000e+00
 289.356071    333.298    13.9716  45.948464 1.0000e-12     3.7718      0.357    168.449    38.6515  0.000e+00
 289.356073    333.454    13.9715  45.948465 1.0000e-12     3.7718      0.301    168.447    38.6515  0.000e+00
 289.356076    333.618    13.9715  45.948744 1.0000e-12     3.7755      0.282    168.616    38.6517  0.000e+00
 289.356079    333.798    13.9716  45.948745 1.0000e-12     3.7745      0.319    168.569    38.6516  0.000e+00
 289.356082    333.987    13.9716  45.948745 1.0000e-12     3.7762      0.343    168.645    38.6515  0.000e+00
 289.356085    334.177    13.9717  45.949094 1.0000e-12     3.7728      0.311    168.492    38.6516  0.000e+00
 289.356088    334.373    13.9716  45.949373 1.0000e-12     3.7695      0.313    168.347    38.6519  0.000e+00
 289.356091    334.573    13.9715  45.949374 1.0000e-12     3.7649      0.362    168.138    38.6519  0.000e+00
 289.356094    334.760    13.9714  45.949723 1.0000e-12     3.7663      0.341    168.202    38.6523  0.000e+00
 289.356097    334.926    13.9715  45.949724 1.0000e-12     3.7689      0.309    168.319    38.6521  0.000e+00
 289.356100    335.056    13.9712  45.949376 1.0000e-12     3.7647      0.309    168.131    38.6520  0.000e+00
 289.356102    335.151    13.9712  45.949377 1.0000e-12     3.7637      0.301    168.087    38.6520  0.000e+00
 289.356105    335.207    13.9714  45.949725 1.0000e-12     3.7596      0.257    167.905    38.6521  0.000e+00
 289.356108    335.238    13.9713  45.950003 1.0000e-12     3.7588      0.435    167.866    38.6524  0.000e+00
 289.356111    335.276    13.9715  45.950282 1.0000e-12     3.7617      0.275    167.999    38.6525  0.000e+00
 289.356114    335.342    13.9715  45.950630 1.0000e-12     3.7612      0.252    167.973    38.6527  0.000e+00
 289.356117    335.449    13.9718  45.950004 1.0000e-12     3.7601      0.305    167.926    38.6518  0.000e+00
 289.356120    335.607    13.9717  45.950283 1.0000e-12     3.7647      0.288    168.131    38.6521  0.000e+00
 289.356123    335.810    13.9714  45.950284 1.0000e-12     3.7643      0.324    168.112    38.6523  0.000e+00
 289.356126    336.043    13.9712  45.950633 1.0000e-12     3.7680      0.305    168.280    38.6527  0.000e+00
 289.356128    336.306    13.9707  45.950634 1.0000e-12     3.7734      0.298    168.519    38.6531  0.000e+00
 289.356131    336.553    13.9706  45.950914 1.0000e-12     3.7720      0.359    168.458    38.6534  0.000e+00
 289.356134    336.786    13.9704  45.951541 1.0000e-12     3.7706      0.309    168.394    38.6541  0.000e+00
 289.356137    336.987    13.9701  45.951542 1.0000e-12     3.7721      0.301    168.463    38.6543  0.000e+00
 289.356140    337.142    13.9694  45.951890 1.0000e-12     3.7778      0.359    168.716    38.6552  0.000e+00
 289.356143    337.253    13.9691  45.951891 1.0000e-12     3.7734      0.334    168.519    38.6555  0.000e+00
 289.356146    337.329    13.9688  45.951891 1.0000e-12     3.7744      0.309    168.565    38.6558  0.000e+00
 289.356149    337.402    13.9684  45.951892 1.0000e-12     3.7693      0.290    168.337    38.6562  0.000e+00
 289.356152    337.493    13.9685  45.952170 1.0000e-12     3.7691      0.286    168.328    38.6563  0.000e+00
 289.356155    337.614    13.9683  45.951893 1.0000e-12     3.7588      0.303    167.870    38.6561  0.000e+00
 289.356157    337.760    13.9684  45.952450 1.0000e-12     3.7604      0.288    167.941    38.6565  0.000e+00
 289.356160    337.912    13.9684  45.952172 1.0000e-12     3.7569      0.319    167.781    38.6562  0.000e+00
 289.356163    338.058    13.9682  45.952173 1.0000e-12     3.7530      0.328    167.610    38.6564  0.000e+00
 289.356166    338.183    13.9681  45.952452 1.0000e-12     3.7549      0.263    167.693    38.6566  0.000e+00
 289.356169    338.278    13.9682  45.952452 1.0000e-12     3.7490      0.265    167.431    38.6565  0.000e+00
 289.356172    338.347    13.9682  45.952453 1.0000e-12     3.7544      0.271    167.672    38.6565  0.000e+00
 289.356175    338.425    13.9681  45.952453 1.0000e-12     3.7501      0.311    167.480    38.6565  0.000e+00
 289.356178    338.530    13.9682  45.952801 1.0000e-12     3.7531      0.257    167.614    38.6567  0.000e+00
 289.356181    338.705    13.9682  45.952802 1.0000e-12     3.7518      0.341    167.554    38.6567  0.000e+00
 289.356183    338.959    13.9681  45.953082 1.0000e-12     3.7518      0.332    167.554    38.6569  0.000e+00
 289.356186    339.261    13.9681  45.953083 1.0000e-12     3.7568      0.320    167.777    38.6568  0.000e+00
 289.356189    339.582    13.9681  45.953710 1.0000e-12     3.7585      0.429    167.855    38.6572  0.000e+00
 289.356192    339.847    13.9678  45.953712 1.0000e-12     3.7626      0.399    168.037    38.6574  0.000e+00
 289.356195    340.044    13.9678  45.953713 1.0000e-12     3.7582      0.380    167.841    38.6573  0.000e+00
 289.356198    340.133    13.9677  45.953713 1.0000e-12     3.7608      0.364    167.959    38.6573  0.000e+00
 289.356201    340.095    13.9677  45.954339 1.0000e-12     3.7613      0.288    167.979    38.6580  0.000e+00
 289.356204    339.991    13.9678  45.954686 1.0000e-12     3.7624      0.275    168.027    38.6582  0.000e+00
 289.356207    339.878    13.9681  45.954964 1.0000e-12     3.7559      0.301    167.741    38.6583  0.000e+00
 289.356209    339.808    13.9685  45.954964 1.0000e-12     3.7561      0.303    167.747    38.6579  0.000e+00
 289.356212    339.853    13.9688  45.954964 1.0000e-12     3.7514      0.347    167.540    38.6575  0.000e+00
 289.356215    340.057    13.9690  45.954339 1.0000e-12     3.7500      0.298    167.473    38.6567  0.000e+00
 289.356218    340.363    13.9686  45.954062 1.0000e-12     3.7528      0.576    167.598    38.6567  0.000e+00
 289.356221    340.731    13.9682  45.954342 1.0000e-12     3.7516      0.484    167.545    38.6572  0.000e+00
 289.356224    341.123    13.9680  45.954691 1.0000e-12     3.7499      0.410    167.473    38.6575  0.000e+00
 289.356227    341.463    13.9682  45.954971 1.0000e-12     3.7500      0.319    167.477    38.6575  0.000e+00
 289.356230    341.688    13.9678  45.954972 1.0000e-12     3.7566      0.319    167.769    38.6578  0.000e+00
 289.356233    341.770    13.9676  45.954973 1.0000e-12     3.7594      0.296    167.897    38.6580  0.000e+00
 289.356236    341.732    13.9673  45.955251 1.0000e-12     3.7597      0.324    167.907    38.6585  0.000e+00
 289.356238    341.641    13.9675  45.955877 1.0000e-12     3.7566      0.280    167.770    38.6589  0.000e+00
 289.356241    341.541    13.9678  45.955876 1.0000e-12     3.7517      0.273    167.550    38.6587  0.000e+00
 289.356244    341.481    13.9683  45.956224 1.0000e-12     3.7510      0.328    167.519    38.6586  0.000e+00
 289.356247    341.503    13.9685  45.956224 1.0000e-12     3.7509      0.340    167.513    38.6583  0.000e+00
 289.356250    341.635    13.9687  45.955598 1.0000e-12     3.7436      0.343    167.187    38.6575  0.000e+00
 289.356253    341.819    13.9685  45.955251 1.0000e-12     3.7386      0.290    166.966    38.6572  0.000e+00
 289.356256    342.033    13.9682  45.955252 1.0000e-12     3.7408      0.278    167.063    38.6575  0.000e+00
 289.356259    342.269    13.9677  45.955601 1.0000e-12     3.7384      0.326    166.957    38.6582  0.000e+00
 289.356262    342.484    13.9674  45.955602 1.0000e-12     3.7409      0.313    167.070    38.6585  0.000e+00
 289.356264    342.673    13.9673  45.955255 1.0000e-12     3.7420      0.334    167.120    38.6581  0.000e+00
 289.356267    342.851    13.9672  45.955882 1.0000e-12     3.7425      0.334    167.138    38.6587  0.000e+00
 289.356270    343.012    13.9669  45.955883 1.0000e-12     3.7401      0.366    167.032    38.6589  0.000e+00
 289.356273    343.165    13.9667  45.955883 1.0000e-12     3.7426      0.317    167.145    38.6591  0.000e+00
 289.356276    343.320    13.9665  45.955884 1.0000e-12     3.7451      0.288    167.254    38.6592  0.000e+00
 289.356279    343.468    13.9665  45.955885 1.0000e-12     3.7454      0.450    167.269    38.6591  0.000e+00
 289.356282    343.605    13.9666  45.956233 1.0000e-12     3.7490      0.294    167.429    38.6593  0.000e+00
 289.356285    343.708    13.9665  45.956234 1.0000e-12     3.7486      0.290    167.413    38.6593  0.000e+00
 289.356288    343.781    13.9665  45.956234 1.0000e-12     3.7491      0.286    167.434    38.6593  0.000e+00
