Code_for_CTD/Code/CTD_measurements/CTD7708-20241015-MIR-2.cnv
* Sea-Bird SBE19plus Data File:
* FileName = C:\CTD\CTD7708-20241015-MIR-2.hex
* Software Version 1.59
* Temperature SN =  7708
* Conductivity SN =  7708
* System UpLoad Time = Oct 15 2024 09:21:56
* ds
* SBE 19plus V 3.1.8  SERIAL NO. 7708    15 Oct 2024 09:21:48
# nquan = 10
# nvalues = 3474                                  
# units = specified
# name 0 = timeJ: Julian Days
# name 1 = prdM: Pressure, Strain Gauge [db]
# name 2 = tv290C: Temperature [ITS-90, deg C]
# name 3 = c0mS/cm: Conductivity [mS/cm]
# name 4 = par: PAR/Irradiance, Biospherical/Licor
# name 5 = sbeox0ML/L: Oxygen, SBE 43 [ml/l]
# name 6 = seaTurbMtr: Turbidity, Seapoint [FTU]
# name 7 = sbeox0Mm/L: Oxygen, SBE 43 [umol/l]
# name 8 = sal00: Salinity, Practical [PSU]
# name 9 = flag:  0.000e+00
# span 0 = 289.378426, 289.388475                 
# span 1 =      0.024,    216.341                 
# span 2 =    13.9322,    19.8685                 
# span 3 =   0.039116,  51.795779                 
# span 4 = 1.0000e-12, 3.4309e+02                 
# span 5 =     3.7692,     5.8643                 
# span 6 =      0.000,    120.117                 
# span 7 =    168.333,    261.898                 
# span 8 =     0.0258,    38.8218                 
# span 9 = 0.0000e+00, 0.0000e+00                 
# interval = seconds: 0.25
# start_time = Oct 15 2024 09:04:56 [Instrument's time stamp, header]
# bad_flag = -9.990e-29
*END*
[from data line 1730]
 289.383432    169.415    13.9615  45.692148 1.0000e-12     4.0852      0.542    182.447    38.4925  0.000e+00
 289.383435    169.514    13.9618  45.692148 1.0000e-12     4.0818      0.328    182.291    38.4921  0.000e+00
 289.383438    169.667    13.9615  45.691247 1.0000e-12     4.0821      0.319    182.305    38.4914  0.000e+00
 289.383440    169.861    13.9613  45.691248 1.0000e-12     4.0808      0.317    182.248    38.4916  0.000e+00
 289.383443    170.102    13.9608  45.690971 1.0000e-12     4.0827      0.380    182.333    38.4917  0.000e+00
 289.383446    170.396    13.9600  45.689723 1.0000e-12     4.0821      0.311    182.306    38.4912  0.000e+00
 289.383449    170.679    13.9584  45.689725 1.0000e-12     4.0835      0.328    182.370    38.4927  0.000e+00
 289.383452    170.938    13.9565  45.689726 1.0000e-12     4.0815      0.364    182.282    38.4944  0.000e+00
 289.383455    171.161    13.9551  45.689727 1.0000e-12     4.0804      0.317    182.230    38.4958  0.000e+00
 289.383458    171.310    13.9540  45.690075 1.0000e-12     4.0847      0.326    182.422    38.4971  0.000e+00
 289.383461    171.379    13.9533  45.690353 1.0000e-12     4.0852      0.290    182.443    38.4980  0.000e+00
 289.383464    171.357    13.9533  45.690631 1.0000e-12     4.0844      0.429    182.409    38.4984  0.000e+00
 289.383466    171.279    13.9535  45.690977 1.0000e-12     4.0839      0.809    182.388    38.4985  0.000e+00
 289.383469    171.182    13.9537  45.690630 1.0000e-12     4.0858      0.448    182.472    38.4980  0.000e+00
 289.383472    171.129    13.9537  45.690630 1.0000e-12     4.0836      0.282    182.373    38.4980  0.000e+00
 289.383475    171.183    13.9537  45.690075 1.0000e-12     4.0834      0.385    182.364    38.4975  0.000e+00
 289.383478    171.394    13.9536  45.689451 1.0000e-12     4.0777      0.341    182.108    38.4969  0.000e+00
 289.383481    171.713    13.9532  45.690077 1.0000e-12     4.0773      0.340    182.091    38.4978  0.000e+00
 289.383484    172.134    13.9528  45.690634 1.0000e-12     4.0699      0.355    181.761    38.4985  0.000e+00
 289.383487    172.520    13.9524  45.690636 1.0000e-12     4.0698      0.328    181.756    38.4987  0.000e+00
 289.383490    172.845    13.9520  45.690360 1.0000e-12     4.0741      0.267    181.949    38.4987  0.000e+00
 289.383492    173.045    13.9514  45.690638 1.0000e-12     4.0686      0.286    181.706    38.4995  0.000e+00
 289.383495    173.110    13.9511  45.690986 1.0000e-12     4.0779      0.414    182.120    38.5001  0.000e+00
 289.383498    173.050    13.9510  45.691263 1.0000e-12     4.0790      0.278    182.167    38.5005  0.000e+00
 289.383501    172.930    13.9511  45.691887 1.0000e-12     4.0831      0.235    182.352    38.5010  0.000e+00
 289.383504    172.805    13.9517  45.692164 1.0000e-12     4.0854      0.395    182.456    38.5008  0.000e+00
 289.383507    172.731    13.9523  45.692511 1.0000e-12     4.0784      0.324    182.140    38.5005  0.000e+00
 289.383510    172.747    13.9527  45.692511 1.0000e-12     4.0773      0.341    182.092    38.5001  0.000e+00
 289.383513    172.869    13.9529  45.690984 1.0000e-12     4.0744      0.475    181.964    38.4984  0.000e+00
 289.383516    173.087    13.9525  45.690361 1.0000e-12     4.0725      0.340    181.878    38.4981  0.000e+00
 289.383519    173.371    13.9518  45.690640 1.0000e-12     4.0712      0.294    181.818    38.4990  0.000e+00
 289.383521    173.692    13.9512  45.690988 1.0000e-12     4.0740      0.288    181.946    38.4997  0.000e+00
 289.383524    174.001    13.9509  45.690990 1.0000e-12     4.0735      0.303    181.924    38.4999  0.000e+00
 289.383527    174.273    13.9509  45.691616 1.0000e-12     4.0776      0.393    182.107    38.5004  0.000e+00
 289.383530    174.487    13.9510  45.691616 1.0000e-12     4.0787      0.319    182.157    38.5002  0.000e+00
 289.383533    174.647    13.9512  45.691895 1.0000e-12     4.0754      0.296    182.008    38.5001  0.000e+00
 289.383536    174.739    13.9513  45.691895 1.0000e-12     4.0804      0.248    182.230    38.5000  0.000e+00
 289.383539    174.783    13.9513  45.691895 1.0000e-12     4.0766      0.311    182.063    38.5000  0.000e+00
 289.383542    174.788    13.9514  45.692173 1.0000e-12     4.0734      0.235    181.919    38.5002  0.000e+00
 289.383545    174.772    13.9515  45.692520 1.0000e-12     4.0760      0.263    182.034    38.5004  0.000e+00
 289.383547    174.756    13.9516  45.692173 1.0000e-12     4.0818      0.273    182.292    38.5000  0.000e+00
 289.383550    174.743    13.9518  45.692173 1.0000e-12     4.0767      0.347    182.063    38.4998  0.000e+00
 289.383553    174.757    13.9517  45.692798 1.0000e-12     4.0848      0.294    182.429    38.5005  0.000e+00
 289.383556    174.826    13.9518  45.692798 1.0000e-12     4.0804      0.324    182.233    38.5004  0.000e+00
 289.383559    174.984    13.9519  45.693146 1.0000e-12     4.0806      0.355    182.239    38.5005  0.000e+00
 289.383562    175.243    13.9517  45.693147 1.0000e-12     4.0768      0.317    182.070    38.5006  0.000e+00
 289.383565    175.606    13.9513  45.693773 1.0000e-12     4.0786      0.319    182.149    38.5014  0.000e+00
 289.383568    176.014    13.9512  45.694053 1.0000e-12     4.0757      0.303    182.021    38.5016  0.000e+00
 289.383571    176.415    13.9509  45.694054 1.0000e-12     4.0665      0.309    181.612    38.5017  0.000e+00
 289.383573    176.751    13.9510  45.694681 1.0000e-12     4.0719      0.328    181.853    38.5020  0.000e+00
 289.383576    176.927    13.9506  45.694681 1.0000e-12     4.0736      0.343    181.928    38.5023  0.000e+00
 289.383579    176.956    13.9506  45.694959 1.0000e-12     4.0727      0.271    181.885    38.5026  0.000e+00
 289.383582    176.858    13.9508  45.695583 1.0000e-12     4.0752      0.389    181.998    38.5031  0.000e+00
 289.383585    176.698    13.9512  45.696207 1.0000e-12     4.0716      0.280    181.839    38.5033  0.000e+00
 289.383588    176.530    13.9517  45.697109 1.0000e-12     4.0688      0.242    181.715    38.5038  0.000e+00
 289.383591    176.434    13.9523  45.696831 1.0000e-12     4.0666      0.290    181.617    38.5030  0.000e+00
 289.383594    176.448    13.9527  45.695859 1.0000e-12     4.0635      0.309    181.477    38.5016  0.000e+00
 289.383597    176.602    13.9528  45.694333 1.0000e-12     4.0541      0.332    181.056    38.5000  0.000e+00
 289.383600    176.873    13.9520  45.694334 1.0000e-12     4.0554      0.399    181.115    38.5007  0.000e+00
 289.383602    177.235    13.9512  45.694683 1.0000e-12     4.0512      0.835    180.926    38.5017  0.000e+00
 289.383605    177.635    13.9508  45.694684 1.0000e-12     4.0517      0.296    180.949    38.5019  0.000e+00
 289.383608    178.008    13.9503  45.694686 1.0000e-12     4.0533      0.265    181.020    38.5022  0.000e+00
 289.383611    178.358    13.9502  45.695312 1.0000e-12     4.0543      0.286    181.065    38.5027  0.000e+00
 289.383614    178.614    13.9501  45.695314 1.0000e-12     4.0577      0.317    181.217    38.5027  0.000e+00
 289.383617    178.768    13.9499  45.695314 1.0000e-12     4.0596      0.334    181.301    38.5029  0.000e+00
 289.383620    178.823    13.9499  45.695315 1.0000e-12     4.0629      0.324    181.451    38.5028  0.000e+00
 289.383623    178.783    13.9499  45.695870 1.0000e-12     4.0662      0.429    181.596    38.5034  0.000e+00
 289.383626    178.707    13.9500  45.695869 1.0000e-12     4.0688      0.282    181.715    38.5033  0.000e+00
 289.383628    178.620    13.9503  45.696216 1.0000e-12     4.0690      0.290    181.720    38.5034  0.000e+00
 289.383631    178.576    13.9504  45.696216 1.0000e-12     4.0690      0.280    181.720    38.5033  0.000e+00
 289.383634    178.611    13.9505  45.695869 1.0000e-12     4.0681      0.319    181.682    38.5029  0.000e+00
 289.383637    178.752    13.9507  45.695314 1.0000e-12     4.0616      0.296    181.389    38.5020  0.000e+00
 289.383640    178.983    13.9505  45.695593 1.0000e-12     4.0587      0.288    181.263    38.5024  0.000e+00
 289.383643    179.284    13.9503  45.695594 1.0000e-12     4.0605      0.319    181.340    38.5025  0.000e+00
 289.383646    179.636    13.9500  45.695318 1.0000e-12     4.0632      0.343    181.460    38.5024  0.000e+00
 289.383649    179.979    13.9495  45.695597 1.0000e-12     4.0670      0.393    181.630    38.5030  0.000e+00
 289.383652    180.292    13.9490  45.695599 1.0000e-12     4.0684      0.311    181.697    38.5033  0.000e+00
 289.383655    180.550    13.9483  45.695600 1.0000e-12     4.0675      0.319    181.656    38.5039  0.000e+00
 289.383657    180.702    13.9474  45.695323 1.0000e-12     4.0705      0.313    181.790    38.5045  0.000e+00
 289.383660    180.779    13.9471  45.695601 1.0000e-12     4.0694      0.248    181.738    38.5051  0.000e+00
 289.383663    180.777    13.9468  45.696504 1.0000e-12     4.0718      0.240    181.848    38.5062  0.000e+00
 289.383666    180.733    13.9470  45.696503 1.0000e-12     4.0704      0.257    181.785    38.5060  0.000e+00
 289.383669    180.706    13.9471  45.695878 1.0000e-12     4.0646      0.341    181.526    38.5054  0.000e+00
 289.383672    180.742    13.9469  45.695879 1.0000e-12     4.0584      0.517    181.250    38.5055  0.000e+00
 289.383675    180.877    13.9468  45.694977 1.0000e-12     4.0607      0.309    181.352    38.5047  0.000e+00
 289.383678    181.123    13.9463  45.694700 1.0000e-12     4.0650      0.343    181.542    38.5048  0.000e+00
 289.383681    181.450    13.9455  45.694702 1.0000e-12     4.0632      0.324    181.461    38.5055  0.000e+00
 289.383683    181.835    13.9449  45.694357 1.0000e-12     4.0632      0.301    181.465    38.5056  0.000e+00
 289.383686    182.228    13.9441  45.693803 1.0000e-12     4.0615      0.341    181.388    38.5057  0.000e+00
 289.383689    182.582    13.9430  45.693180 1.0000e-12     4.0682      0.324    181.686    38.5060  0.000e+00
 289.383692    182.829    13.9421  45.693806 1.0000e-12     4.0688      0.301    181.711    38.5074  0.000e+00
 289.383695    182.983    13.9416  45.693460 1.0000e-12     4.0707      0.340    181.798    38.5075  0.000e+00
 289.383698    183.056    13.9414  45.693807 1.0000e-12     4.0699      0.364    181.763    38.5080  0.000e+00
 289.383701    183.061    13.9411  45.694363 1.0000e-12     4.0730      0.490    181.899    38.5089  0.000e+00
 289.383704    183.037    13.9413  45.694362 1.0000e-12     4.0725      0.282    181.879    38.5087  0.000e+00
 289.383707    183.027    13.9414  45.694085 1.0000e-12     4.0675      0.286    181.653    38.5083  0.000e+00
 289.383709    183.063    13.9413  45.694363 1.0000e-12     4.0645      0.265    181.520    38.5086  0.000e+00
 289.383712    183.163    13.9411  45.694085 1.0000e-12     4.0658      0.326    181.577    38.5086  0.000e+00
 289.383715    183.331    13.9409  45.694086 1.0000e-12     4.0669      0.320    181.628    38.5087  0.000e+00
 289.383718    183.584    13.9405  45.694365 1.0000e-12     4.0692      0.311    181.730    38.5092  0.000e+00
 289.383721    183.910    13.9403  45.694366 1.0000e-12     4.0684      0.290    181.696    38.5093  0.000e+00
 289.383724    184.297    13.9402  45.694368 1.0000e-12     4.0710      0.303    181.810    38.5092  0.000e+00
 289.383727    184.719    13.9400  45.694370 1.0000e-12     4.0665      0.357    181.609    38.5092  0.000e+00
 289.383730    185.138    13.9399  45.694372 1.0000e-12     4.0707      0.257    181.795    38.5091  0.000e+00
 289.383733    185.430    13.9394  45.693818 1.0000e-12     4.0719      0.423    181.851    38.5090  0.000e+00
 289.383736    185.597    13.9389  45.693819 1.0000e-12     4.0683      0.349    181.690    38.5095  0.000e+00
 289.383738    185.601    13.9381  45.693819 1.0000e-12     4.0707      0.235    181.798    38.5102  0.000e+00
 289.383741    185.488    13.9379  45.694374 1.0000e-12     4.0652      0.256    181.550    38.5110  0.000e+00
 289.383744    185.311    13.9380  45.695345 1.0000e-12     4.0688      0.242    181.714    38.5119  0.000e+00
 289.383747    185.147    13.9386  45.696524 1.0000e-12     4.0630      0.280    181.455    38.5125  0.000e+00
 289.383750    185.073    13.9394  45.697148 1.0000e-12     4.0659      0.336    181.581    38.5123  0.000e+00
 289.383753    185.158    13.9402  45.694372 1.0000e-12     4.0602      0.290    181.327    38.5088  0.000e+00
 289.383756    185.434    13.9398  45.693471 1.0000e-12     4.0584      0.278    181.249    38.5082  0.000e+00
 289.383759    185.822    13.9388  45.693820 1.0000e-12     4.0607      0.265    181.353    38.5094  0.000e+00
 289.383762    186.287    13.9380  45.693822 1.0000e-12     4.0585      0.296    181.253    38.5100  0.000e+00
 289.383764    186.758    13.9376  45.693824 1.0000e-12     4.0609      0.286    181.361    38.5102  0.000e+00
 289.383767    187.183    13.9373  45.694103 1.0000e-12     4.0574      0.250    181.204    38.5106  0.000e+00
 289.383770    187.435    13.9372  45.694105 1.0000e-12     4.0619      0.286    181.406    38.5106  0.000e+00
 289.383773    187.550    13.9371  45.694105 1.0000e-12     4.0624      0.263    181.425    38.5107  0.000e+00
 289.383776    187.530    13.9368  45.694730 1.0000e-12     4.0640      0.475    181.499    38.5115  0.000e+00
 289.383779    187.428    13.9370  45.695007 1.0000e-12     4.0715      0.275    181.834    38.5116  0.000e+00
 289.383782    187.314    13.9374  45.695353 1.0000e-12     4.0708      0.248    181.800    38.5116  0.000e+00
 289.383785    187.258    13.9377  45.695631 1.0000e-12     4.0759      0.282    182.028    38.5116  0.000e+00
 289.383788    187.328    13.9381  45.695353 1.0000e-12     4.0769      0.273    182.075    38.5109  0.000e+00
 289.383791    187.543    13.9382  45.694105 1.0000e-12     4.0781      0.319    182.129    38.5095  0.000e+00
 289.383793    187.856    13.9379  45.694384 1.0000e-12     4.0703      0.267    181.781    38.5100  0.000e+00
 289.383796    188.232    13.9374  45.694733 1.0000e-12     4.0655      0.288    181.564    38.5106  0.000e+00
 289.383799    188.573    13.9371  45.694734 1.0000e-12     4.0639      0.296    181.495    38.5107  0.000e+00
 289.383802    188.876    13.9369  45.695013 1.0000e-12     4.0620      0.280    181.409    38.5111  0.000e+00
 289.383805    189.081    13.9369  45.695361 1.0000e-12     4.0607      0.423    181.353    38.5113  0.000e+00
 289.383808    189.179    13.9369  45.695015 1.0000e-12     4.0614      0.303    181.382    38.5109  0.000e+00
 289.383811    189.199    13.9370  45.695362 1.0000e-12     4.0644      0.263    181.516    38.5112  0.000e+00
 289.383814    189.192    13.9371  45.695917 1.0000e-12     4.0686      0.235    181.704    38.5116  0.000e+00
 289.383817    189.214    13.9371  45.695639 1.0000e-12     4.0691      0.252    181.726    38.5113  0.000e+00
 289.383819    189.313    13.9374  45.695640 1.0000e-12     4.0671      0.309    181.636    38.5110  0.000e+00
 289.383822    189.526    13.9372  45.695641 1.0000e-12     4.0687      0.303    181.707    38.5111  0.000e+00
 289.383825    189.814    13.9372  45.695642 1.0000e-12     4.0646      0.305    181.524    38.5109  0.000e+00
 289.383828    190.155    13.9371  45.696268 1.0000e-12     4.0644      0.290    181.518    38.5115  0.000e+00
 289.383831    190.462    13.9371  45.696270 1.0000e-12     4.0631      0.265    181.459    38.5114  0.000e+00
 289.383834    190.717    13.9369  45.695924 1.0000e-12     4.0609      0.439    181.361    38.5111  0.000e+00
 289.383837    190.899    13.9369  45.696549 1.0000e-12     4.0625      0.319    181.430    38.5116  0.000e+00
 289.383840    191.013    13.9368  45.696550 1.0000e-12     4.0656      0.263    181.569    38.5117  0.000e+00
 289.383843    191.066    13.9369  45.696550 1.0000e-12     4.0674      0.273    181.652    38.5115  0.000e+00
