Code_for_CTD/Code/CTD_measurements/CTD7708-20241018-MIR-4.cnv
* Sea-Bird SBE19plus Data File:
* FileName = C:\CTD\CTD7708-20241018-MIR-4.hex
* Software Version 1.59
* Temperature SN =  7708
* Conductivity SN =  7708
* System UpLoad Time = Oct 18 2024 09:01:53
* ds
* SBE 19plus V 3.1.8  SERIAL NO. 7708    18 Oct 2024 09:02:31
# nquan = 10
# nvalues = 4945                                  
# units = specified
# name 0 = timeJ: Julian Days
# name 1 = prdM: Pressure, Strain Gauge [db]
# name 2 = tv290C: Temperature [ITS-90, deg C]
# name 3 = c0mS/cm: Conductivity [mS/cm]
# name 4 = par: PAR/Irradiance, Biospherical/Licor
# name 5 = sbeox0ML/L: Oxygen, SBE 43 [ml/l]
# name 6 = seaTurbMtr: Turbidity, Seapoint [FTU]
# name 7 = sbeox0Mm/L: Oxygen, SBE 43 [umol/l]
# name 8 = sal00: Salinity, Practical [PSU]
# name 9 = flag:  0.000e+00
# span 0 = 292.339120, 292.353426                 
# span 1 =     -0.065,    341.153                 
# span 2 =    13.9008,    20.3380                 
# span 3 =   0.014004,  52.298219                 
# span 4 = 1.0000e-12, 3.7628e+02                 
# span 5 =     3.6567,     5.5443                 
# span 6 =      0.000,    120.037                 
# span 7 =    163.308,    247.610                 
# span 8 =     0.0141,    38.6627                 
# span 9 = 0.0000e+00, 0.0000e+00                 
# interval = seconds: 0.25
# start_time = Oct 18 2024 08:08:20 [Instrument's time stamp, header]
# bad_flag = -9.990e-29
*END*
[from data line 289]
 292.339957      6.115    20.3042  52.221791 3.5606e+01     4.6746      0.879    208.766    38.2751  0.000e+00
 292.339959      5.990    20.3040  52.221056 3.9056e+01     4.6761      1.377    208.836    38.2748  0.000e+00
 292.339962      5.885    20.3036  52.221056 4.3442e+01     4.6716      1.013    208.633    38.2752  0.000e+00
 292.339965      5.822    20.3034  52.221055 4.6535e+01     4.6665      0.971    208.407    38.2754  0.000e+00
 292.339968      5.805    20.3031  52.221276 4.2588e+01     4.6651      1.110    208.344    38.2758  0.000e+00
 292.339971      5.852    20.3030  52.222451 3.9084e+01     4.6553      0.999    207.908    38.2768  0.000e+00
 292.339974      5.965    20.3035  52.222819 3.5930e+01     4.6541      0.958    207.850    38.2767  0.000e+00
 292.339977      6.131    20.3039  52.223187 3.4356e+01     4.6528      1.024    207.793    38.2766  0.000e+00
 292.339980      6.325    20.3041  52.222453 3.7077e+01     4.6527      1.061    207.789    38.2757  0.000e+00
 292.339983      6.504    20.3042  52.224584 3.7268e+01     4.6544      1.055    207.864    38.2773  0.000e+00
 292.339986      6.640    20.3049  52.224585 3.3322e+01     4.6611      1.036    208.165    38.2766  0.000e+00
 292.339988      6.700    20.3054  52.224585 2.9837e+01     4.6670      1.183    208.430    38.2761  0.000e+00
 292.339991      6.677    20.3056  52.223483 2.9357e+01     4.6726      1.049    208.678    38.2750  0.000e+00
 292.339994      6.562    20.3053  52.223189 3.0786e+01     4.6743      0.980    208.756    38.2752  0.000e+00
 292.339997      6.378    20.3049  52.222086 3.1754e+01     4.6744      0.944    208.761    38.2747  0.000e+00
 292.340000      6.164    20.3046  52.221424 3.1400e+01     4.6733      0.952    208.708    38.2744  0.000e+00
 292.340003      5.965    20.3040  52.221056 3.3068e+01     4.6679      0.980    208.468    38.2748  0.000e+00
 292.340006      5.804    20.3036  52.220688 3.8656e+01     4.6608      0.891    208.151    38.2749  0.000e+00
 292.340009      5.722    20.3034  52.221055 4.2138e+01     4.6586      0.864    208.051    38.2754  0.000e+00
 292.340012      5.726    20.3031  52.221789 4.4487e+01     4.6555      0.952    207.915    38.2763  0.000e+00
 292.340014      5.818    20.3033  52.222451 4.1751e+01     4.6553      1.019    207.905    38.2766  0.000e+00
 292.340017      5.981    20.3034  52.222452 4.0980e+01     4.6576      1.123    208.011    38.2765  0.000e+00
 292.340020      6.168    20.3036  52.222600 3.9482e+01     4.6651      1.562    208.344    38.2763  0.000e+00
 292.340023      6.350    20.3039  52.223188 3.4756e+01     4.6706      0.969    208.589    38.2765  0.000e+00
 292.340026      6.506    20.3042  52.223189 3.2101e+01     4.6823      1.013    209.113    38.2762  0.000e+00
 292.340029      6.606    20.3043  52.223189 3.1952e+01     4.6869      0.977    209.318    38.2760  0.000e+00
 292.340032      6.631    20.3045  52.222822 3.3518e+01     4.6903      0.879    209.470    38.2755  0.000e+00
 292.340035      6.568    20.3046  52.222087 3.5777e+01     4.6961      0.977    209.728    38.2748  0.000e+00
 292.340038      6.419    20.3042  52.221793 3.6554e+01     4.6944      0.931    209.651    38.2750  0.000e+00
 292.340041      6.213    20.3038  52.221057 3.8254e+01     4.6873      0.885    209.337    38.2749  0.000e+00
 292.340043      5.999    20.3035  52.221424 3.9349e+01     4.6818      0.914    209.090    38.2755  0.000e+00
 292.340046      5.807    20.3031  52.221055 3.9594e+01     4.6716      0.916    208.634    38.2756  0.000e+00
 292.340049      5.689    20.3032  52.220688 3.8691e+01     4.6679      0.933    208.468    38.2753  0.000e+00
 292.340052      5.669    20.3030  52.221789 3.8946e+01     4.6635      1.053    208.272    38.2765  0.000e+00
 292.340055      5.736    20.3029  52.222083 3.9077e+01     4.6600      0.994    208.117    38.2768  0.000e+00
 292.340058      5.892    20.3032  52.221790 3.8479e+01     4.6601      1.152    208.121    38.2761  0.000e+00
 292.340061      6.089    20.3035  52.220690 3.5228e+01     4.6635      1.024    208.272    38.2749  0.000e+00
 292.340064      6.283    20.3030  52.220397 3.2175e+01     4.6661      1.083    208.389    38.2750  0.000e+00
 292.340067      6.450    20.3025  52.221793 3.1317e+01     4.6729      0.982    208.692    38.2766  0.000e+00
 292.340069      6.547    20.3028  52.221426 3.1067e+01     4.6787      0.908    208.950    38.2760  0.000e+00
 292.340072      6.571    20.3030  52.221280 2.9504e+01     4.6861      1.116    209.282    38.2757  0.000e+00
 292.340075      6.511    20.3028  52.221059 2.9847e+01     4.6901      0.944    209.459    38.2757  0.000e+00
 292.340078      6.386    20.3026  52.220397 3.1675e+01     4.6916      0.847    209.525    38.2754  0.000e+00
 292.340081      6.231    20.3025  52.220029 3.0028e+01     4.6878      0.860    209.358    38.2752  0.000e+00
 292.340084      6.077    20.3019  52.220396 2.7829e+01     4.6827      0.908    209.127    38.2761  0.000e+00
 292.340087      5.950    20.3017  52.220689 2.8517e+01     4.6800      0.866    209.010    38.2765  0.000e+00
 292.340090      5.879    20.3017  52.220689 2.9222e+01     4.6702      1.001    208.572    38.2766  0.000e+00
 292.340093      5.863    20.3017  52.221423 3.0205e+01     4.6588      1.005    208.062    38.2772  0.000e+00
 292.340095      5.923    20.3020  52.222452 3.3932e+01     4.6486      0.999    207.608    38.2777  0.000e+00
 292.340098      6.040    20.3025  52.222819 3.1958e+01     4.6469      1.122    207.531    38.2776  0.000e+00
 292.340101      6.180    20.3031  52.222820 3.3787e+01     4.6438      1.030    207.393    38.2769  0.000e+00
 292.340104      6.314    20.3031  52.222453 3.5309e+01     4.6479      1.043    207.574    38.2766  0.000e+00
 292.340107      6.401    20.3032  52.222454 3.5955e+01     4.6542      1.080    207.858    38.2765  0.000e+00
 292.340110      6.428    20.3028  52.222454 3.5397e+01     4.6587      0.896    208.059    38.2769  0.000e+00
 292.340113      6.399    20.3028  52.222454 3.4301e+01     4.6654      0.904    208.358    38.2769  0.000e+00
 292.340116      6.309    20.3026  52.221792 3.3865e+01     4.6714      0.914    208.625    38.2765  0.000e+00
 292.340119      6.202    20.3024  52.221425 3.6186e+01     4.6782      0.853    208.930    38.2765  0.000e+00
 292.340122      6.108    20.3023  52.221792 3.7408e+01     4.6813      0.877    209.067    38.2769  0.000e+00
 292.340124      6.059    20.3022  52.221277 3.6788e+01     4.6857      0.860    209.265    38.2766  0.000e+00
 292.340127      6.068    20.3023  52.221424 3.4089e+01     4.6802      0.908    209.016    38.2766  0.000e+00
 292.340130      6.124    20.3021  52.221792 3.0071e+01     4.6770      1.017    208.875    38.2770  0.000e+00
 292.340133      6.213    20.3023  52.222453 2.9009e+01     4.6737      1.053    208.725    38.2774  0.000e+00
 292.340136      6.294    20.3027  52.221425 3.2347e+01     4.6701      0.969    208.566    38.2762  0.000e+00
 292.340139      6.341    20.3026  52.221058 3.5172e+01     4.6689      0.902    208.514    38.2759  0.000e+00
 292.340142      6.350    20.3025  52.221058 3.6489e+01     4.6667      0.891    208.416    38.2760  0.000e+00
 292.340145      6.316    20.3019  52.220397 3.4669e+01     4.6695      0.870    208.538    38.2760  0.000e+00
 292.340148      6.247    20.3017  52.220691 3.4004e+01     4.6724      0.927    208.670    38.2765  0.000e+00
 292.340150      6.176    20.3017  52.220690 3.5416e+01     4.6743      0.896    208.752    38.2764  0.000e+00
 292.340153      6.129    20.3018  52.221057 3.5961e+01     4.6750      0.969    208.785    38.2767  0.000e+00
 292.340156      6.129    20.3018  52.221424 3.5751e+01     4.6763      0.938    208.844    38.2770  0.000e+00
 292.340159      6.183    20.3019  52.221425 3.3322e+01     4.6735      0.944    208.717    38.2769  0.000e+00
 292.340162      6.285    20.3022  52.221058 2.8875e+01     4.6724      0.996    208.670    38.2763  0.000e+00
 292.340165      6.397    20.3020  52.221793 2.8315e+01     4.6688      0.988    208.509    38.2770  0.000e+00
 292.340168      6.473    20.3021  52.222454 3.0302e+01     4.6644      0.877    208.314    38.2775  0.000e+00
 292.340171      6.488    20.3024  52.222087 3.2968e+01     4.6654      0.963    208.356    38.2769  0.000e+00
 292.340174      6.417    20.3024  52.221059 3.5066e+01     4.6661      0.853    208.387    38.2761  0.000e+00
 292.340177      6.276    20.3021  52.220544 3.7044e+01     4.6651      0.927    208.344    38.2759  0.000e+00
 292.340179      6.103    20.3018  52.220396 3.6302e+01     4.6682      0.935    208.481    38.2761  0.000e+00
 292.340182      5.951    20.3013  52.219661 3.3500e+01     4.6691      2.184    208.522    38.2761  0.000e+00
 292.340185      5.864    20.3010  52.219661 3.5316e+01     4.6675      1.041    208.449    38.2764  0.000e+00
 292.340188      5.870    20.3011  52.220028 4.0980e+01     4.6687      1.104    208.506    38.2766  0.000e+00
 292.340191      5.960    20.3012  52.221424 3.4583e+01     4.6707      1.068    208.595    38.2776  0.000e+00
 292.340194      6.113    20.3018  52.221792 2.9076e+01     4.6764      1.019    208.847    38.2773  0.000e+00
 292.340197      6.281    20.3022  52.222453 2.7632e+01     4.6773      0.944    208.889    38.2774  0.000e+00
 292.340200      6.410    20.3029  52.222821 3.1189e+01     4.6784      1.154    208.938    38.2771  0.000e+00
 292.340203      6.457    20.3034  52.223189 3.3932e+01     4.6776      0.963    208.904    38.2769  0.000e+00
 292.340205      6.401    20.3041  52.222821 3.5454e+01     4.6792      0.896    208.971    38.2760  0.000e+00
 292.340208      6.247    20.3043  52.222086 3.5961e+01     4.6812      1.085    209.064    38.2752  0.000e+00
 292.340211      6.047    20.3042  52.220689 3.4743e+01     4.6794      0.938    208.981    38.2743  0.000e+00
 292.340214      5.865    20.3035  52.220395 3.5656e+01     4.6721      0.999    208.655    38.2747  0.000e+00
 292.340217      5.754    20.3030  52.220027 3.8815e+01     4.6675      0.896    208.452    38.2750  0.000e+00
 292.340220      5.776    20.3024  52.221055 4.1345e+01     4.6638      1.030    208.284    38.2763  0.000e+00
 292.340223      5.928    20.3024  52.222084 3.9918e+01     4.6628      1.043    208.242    38.2771  0.000e+00
 292.340226      6.183    20.3031  52.222600 3.6398e+01     4.6574      1.030    208.001    38.2768  0.000e+00
 292.340229      6.469    20.3038  52.222454 3.5479e+01     4.6588      1.118    208.062    38.2759  0.000e+00
 292.340231      6.719    20.3040  52.223190 3.4749e+01     4.6609      1.097    208.156    38.2763  0.000e+00
 292.340234      6.886    20.3042  52.223484 3.3956e+01     4.6719      1.158    208.645    38.2763  0.000e+00
 292.340237      6.951    20.3044  52.223191 3.3251e+01     4.6809      0.956    209.051    38.2758  0.000e+00
 292.340240      6.897    20.3046  52.222823 3.2526e+01     4.6879      0.908    209.363    38.2753  0.000e+00
 292.340243      6.741    20.3046  52.222455 3.1017e+01     4.6896      0.866    209.436    38.2751  0.000e+00
 292.340246      6.531    20.3043  52.221426 2.7627e+01     4.6886      0.870    209.391    38.2746  0.000e+00
 292.340249      6.314    20.3039  52.220691 2.6769e+01     4.6861      0.935    209.281    38.2745  0.000e+00
 292.340252      6.129    20.3035  52.221057 2.8456e+01     4.6772      1.049    208.885    38.2752  0.000e+00
 292.340255      6.013    20.3032  52.221056 3.1743e+01     4.6714      1.001    208.625    38.2755  0.000e+00
 292.340258      5.959    20.3030  52.219661 3.6057e+01     4.6635      0.965    208.270    38.2745  0.000e+00
 292.340260      5.961    20.3031  52.221791 3.6166e+01     4.6620      1.005    208.204    38.2762  0.000e+00
 292.340263      6.009    20.3034  52.222452 3.6218e+01     4.6627      0.988    208.237    38.2765  0.000e+00
 292.340266      6.069    20.3036  52.222452 3.8629e+01     4.6657      0.996    208.371    38.2763  0.000e+00
 292.340269      6.113    20.3039  52.222085 4.2325e+01     4.6708      0.986    208.599    38.2757  0.000e+00
 292.340272      6.133    20.3040  52.222085 4.2332e+01     4.6760      0.908    208.829    38.2756  0.000e+00
 292.340275      6.125    20.3040  52.221791 3.8342e+01     4.6829      0.931    209.137    38.2754  0.000e+00
 292.340278      6.102    20.3037  52.221938 3.3817e+01     4.6829      1.019    209.139    38.2757  0.000e+00
 292.340281      6.100    20.3038  52.221424 3.4362e+01     4.6822      0.944    209.106    38.2752  0.000e+00
 292.340284      6.134    20.3036  52.221424 3.6308e+01     4.6762      0.994    208.841    38.2754  0.000e+00
 292.340286      6.214    20.3035  52.222086 3.3721e+01     4.6679      1.047    208.468    38.2760  0.000e+00
 292.340289      6.324    20.3038  52.223482 2.9462e+01     4.6591      1.005    208.076    38.2768  0.000e+00
 292.340292      6.415    20.3042  52.223188 3.0579e+01     4.6516      1.041    207.741    38.2761  0.000e+00
 292.340295      6.462    20.3049  52.223188 3.3310e+01     4.6481      1.017    207.584    38.2755  0.000e+00
 292.340298      6.431    20.3050  52.223188 3.6000e+01     4.6472      1.093    207.545    38.2755  0.000e+00
 292.340301      6.317    20.3051  52.222820 4.1810e+01     4.6525      0.980    207.782    38.2751  0.000e+00
 292.340304      6.160    20.3049  52.222452 4.4000e+01     4.6586      0.946    208.053    38.2750  0.000e+00
 292.340307      6.006    20.3047  52.221791 3.9321e+01     4.6624      0.843    208.224    38.2747  0.000e+00
 292.340310      5.915    20.3043  52.221790 3.6122e+01     4.6640      0.849    208.296    38.2751  0.000e+00
 292.340312      5.915    20.3041  52.222451 3.3853e+01     4.6660      0.944    208.382    38.2759  0.000e+00
 292.340315      6.013    20.3041  52.222819 3.6411e+01     4.6677      2.018    208.459    38.2762  0.000e+00
 292.340318      6.181    20.3042  52.222453 3.7708e+01     4.6698      1.017    208.551    38.2756  0.000e+00
 292.340321      6.352    20.3043  52.201596 3.8064e+01     4.6735      0.996    208.719    38.2582  0.000e+00
 292.340324      6.491    20.3037  52.222087 3.8274e+01     4.6733      2.672    208.711    38.2757  0.000e+00
 292.340327      6.569    20.3032  52.221426 3.4985e+01     4.6774      1.129    208.892    38.2756  0.000e+00
 292.340330      6.573    20.3034  52.221280 3.1535e+01     4.6797      0.883    208.997    38.2753  0.000e+00
 292.340333      6.498    20.3033  52.221059 3.1050e+01     4.6835      0.895    209.165    38.2752  0.000e+00
 292.340336      6.375    20.3030  52.220691 3.4028e+01     4.6823      1.055    209.110    38.2753  0.000e+00
 292.340339      6.231    20.3028  52.219662 3.8438e+01     4.6837      0.908    209.173    38.2746  0.000e+00
 292.340341      6.100    20.3024  52.220029 3.6154e+01     4.6817      0.969    209.086    38.2753  0.000e+00
 292.340344      6.026    20.3021  52.220028 3.2758e+01     4.6806      0.895    209.034    38.2756  0.000e+00
 292.340347      6.009    20.3021  52.220396 3.1754e+01     4.6809      0.931    209.049    38.2759  0.000e+00
 292.340350      6.067    20.3021  52.220690 3.3853e+01     4.6701      1.024    208.567    38.2761  0.000e+00
 292.340353      6.176    20.3021  52.220690 3.5815e+01     4.6709      1.055    208.600    38.2761  0.000e+00
 292.340356      6.328    20.3022  52.221425 3.7997e+01     4.6683      0.963    208.489    38.2766  0.000e+00
 292.340359      6.477    20.3023  52.222087 4.1625e+01     4.6706      1.257    208.590    38.2770  0.000e+00
 292.340362      6.587    20.3029  52.222455 4.2483e+01     4.6711      1.066    208.613    38.2767  0.000e+00
 292.340365      6.627    20.3034  52.222455 4.0331e+01     4.6739      1.066    208.736    38.2762  0.000e+00
 292.340367      6.600    20.3039  52.222087 3.6386e+01     4.6761      0.914    208.837    38.2755  0.000e+00
