Code_for_CTD/Code/CTD_measurements/CTD7708-20241015-MIR-1.cnv
* Sea-Bird SBE19plus Data File:
* FileName = C:\CTD\CTD7708-20241015-MIR-1.hex
* Software Version 1.59
* Temperature SN =  7708
* Conductivity SN =  7708
* System UpLoad Time = Oct 15 2024 08:52:56
* ds
* SBE 19plus V 3.1.8  SERIAL NO. 7708    15 Oct 2024 08:52:31
# nquan = 10
# nvalues = 6498                                  
# units = specified
# name 0 = timeJ: Julian Days
# name 1 = prdM: Pressure, Strain Gauge [db]
# name 2 = tv290C: Temperature [ITS-90, deg C]
# name 3 = c0mS/cm: Conductivity [mS/cm]
# name 4 = par: PAR/Irradiance, Biospherical/Licor
# name 5 = sbeox0ML/L: Oxygen, SBE 43 [ml/l]
# name 6 = seaTurbMtr: Turbidity, Seapoint [FTU]
# name 7 = sbeox0Mm/L: Oxygen, SBE 43 [umol/l]
# name 8 = sal00: Salinity, Practical [PSU]
# name 9 = flag:  0.000e+00
# span 0 = 289.348368, 289.367167                 
# span 1 =     -0.048,    463.058                 
# span 2 =    13.8920,    19.7881                 
# span 3 =  -1.291147,  51.693101                 
# span 4 = 1.0000e-12, 2.7402e+02                 
# span 5 =     3.6148,     6.1147                 
# span 6 =      0.000,    120.106                 
# span 7 =    161.435,    273.082                 
# span 8 =     0.0000,    38.6781                 
# span 9 = 0.0000e+00, 0.0000e+00                 
# interval = seconds: 0.25
# start_time = Oct 15 2024 08:21:39 [Instrument's time stamp, header]
# bad_flag = -9.990e-29
*END*
[from data line 2739]
 289.356293    343.819    13.9665  45.956860 1.0000e-12     3.7492      0.271    167.438    38.6599  0.000e+00
 289.356296    343.837    13.9667  45.957139 1.0000e-12     3.7455      0.275    167.275    38.6600  0.000e+00
 289.356299    343.903    13.9672  45.957417 1.0000e-12     3.7431      0.420    167.168    38.6597  0.000e+00
 289.356302    344.043    13.9673  45.956513 1.0000e-12     3.7428      0.290    167.153    38.6587  0.000e+00
 289.356305    344.261    13.9674  45.956236 1.0000e-12     3.7446      0.351    167.232    38.6583  0.000e+00
 289.356308    344.530    13.9671  45.956863 1.0000e-12     3.7468      0.303    167.333    38.6590  0.000e+00
 289.356311    344.811    13.9668  45.957143 1.0000e-12     3.7488      0.364    167.423    38.6594  0.000e+00
 289.356314    345.060    13.9668  45.957144 1.0000e-12     3.7516      0.320    167.548    38.6594  0.000e+00
 289.356317    345.260    13.9668  45.957145 1.0000e-12     3.7530      0.372    167.607    38.6593  0.000e+00
 289.356319    345.369    13.9668  45.957146 1.0000e-12     3.7536      0.423    167.636    38.6592  0.000e+00
 289.356322    345.406    13.9669  45.957424 1.0000e-12     3.7514      0.317    167.538    38.6593  0.000e+00
 289.356325    345.416    13.9668  45.957772 1.0000e-12     3.7560      0.235    167.744    38.6597  0.000e+00
 289.356328    345.431    13.9671  45.958398 1.0000e-12     3.7542      0.280    167.661    38.6600  0.000e+00
 289.356331    345.478    13.9674  45.958677 1.0000e-12     3.7541      0.296    167.659    38.6600  0.000e+00
 289.356334    345.591    13.9676  45.958399 1.0000e-12     3.7535      0.303    167.631    38.6595  0.000e+00
 289.356337    345.754    13.9677  45.957425 1.0000e-12     3.7517      0.587    167.552    38.6584  0.000e+00
 289.356340    345.951    13.9674  45.957426 1.0000e-12     3.7478      0.351    167.377    38.6586  0.000e+00
 289.356343    346.165    13.9669  45.957775 1.0000e-12     3.7493      0.349    167.442    38.6593  0.000e+00
 289.356345    346.377    13.9667  45.958055 1.0000e-12     3.7485      0.378    167.406    38.6597  0.000e+00
 289.356348    346.554    13.9667  45.958055 1.0000e-12     3.7485      0.380    167.409    38.6596  0.000e+00
 289.356351    346.706    13.9665  45.958056 1.0000e-12     3.7497      0.296    167.461    38.6598  0.000e+00
 289.356354    346.843    13.9665  45.958057 1.0000e-12     3.7479      0.301    167.383    38.6597  0.000e+00
 289.356357    346.948    13.9663  45.958405 1.0000e-12     3.7494      0.341    167.446    38.6602  0.000e+00
 289.356360    347.024    13.9664  45.958405 1.0000e-12     3.7536      0.288    167.637    38.6601  0.000e+00
 289.356363    347.092    13.9665  45.958406 1.0000e-12     3.7514      0.280    167.537    38.6600  0.000e+00
 289.356366    347.152    13.9662  45.958684 1.0000e-12     3.7542      0.349    167.663    38.6604  0.000e+00
 289.356369    347.222    13.9661  45.959032 1.0000e-12     3.7499      0.296    167.472    38.6609  0.000e+00
 289.356372    347.304    13.9659  45.959033 1.0000e-12     3.7515      0.259    167.542    38.6610  0.000e+00
 289.356374    347.397    13.9657  45.959033 1.0000e-12     3.7511      0.265    167.524    38.6612  0.000e+00
 289.356377    347.520    13.9657  45.959034 1.0000e-12     3.7512      0.298    167.530    38.6611  0.000e+00
 289.356380    347.668    13.9656  45.959035 1.0000e-12     3.7421      0.320    167.124    38.6611  0.000e+00
 289.356383    347.838    13.9657  45.959035 1.0000e-12     3.7429      0.317    167.159    38.6610  0.000e+00
 289.356386    348.046    13.9656  45.959036 1.0000e-12     3.7457      0.420    167.281    38.6610  0.000e+00
 289.356389    348.233    13.9656  45.959315 1.0000e-12     3.7440      0.301    167.208    38.6612  0.000e+00
 289.356392    348.414    13.9656  45.959316 1.0000e-12     3.7426      0.328    167.143    38.6611  0.000e+00
 289.356395    348.567    13.9655  45.959665 1.0000e-12     3.7413      0.340    167.085    38.6615  0.000e+00
 289.356398    348.687    13.9656  45.959665 1.0000e-12     3.7412      0.328    167.080    38.6613  0.000e+00
 289.356400    348.771    13.9656  45.959666 1.0000e-12     3.7420      0.288    167.116    38.6613  0.000e+00
 289.356403    348.840    13.9656  45.959666 1.0000e-12     3.7455      0.296    167.276    38.6613  0.000e+00
 289.356406    348.914    13.9657  45.959666 1.0000e-12     3.7394      0.326    167.000    38.6611  0.000e+00
 289.356409    349.014    13.9657  45.959667 1.0000e-12     3.7403      0.340    167.044    38.6610  0.000e+00
 289.356412    349.136    13.9656  45.959946 1.0000e-12     3.7397      0.320    167.015    38.6614  0.000e+00
 289.356415    349.276    13.9656  45.959946 1.0000e-12     3.7389      0.317    166.980    38.6613  0.000e+00
 289.356418    349.418    13.9656  45.960225 1.0000e-12     3.7377      0.296    166.926    38.6615  0.000e+00
 289.356421    349.547    13.9657  45.960226 1.0000e-12     3.7434      0.280    167.181    38.6613  0.000e+00
 289.356424    349.659    13.9655  45.960226 1.0000e-12     3.7382      0.288    166.947    38.6615  0.000e+00
 289.356427    349.747    13.9654  45.960227 1.0000e-12     3.7398      0.275    167.019    38.6615  0.000e+00
 289.356429    349.821    13.9653  45.960575 1.0000e-12     3.7424      0.380    167.135    38.6620  0.000e+00
 289.356432    349.894    13.9652  45.960227 1.0000e-12     3.7430      0.282    167.160    38.6617  0.000e+00
 289.356435    349.974    13.9653  45.960576 1.0000e-12     3.7408      0.280    167.063    38.6619  0.000e+00
 289.356438    350.079    13.9652  45.960576 1.0000e-12     3.7384      0.301    166.957    38.6620  0.000e+00
 289.356441    350.201    13.9653  45.960577 1.0000e-12     3.7391      0.286    166.989    38.6618  0.000e+00
 289.356444    350.350    13.9653  45.960577 1.0000e-12     3.7398      0.309    167.019    38.6618  0.000e+00
 289.356447    350.520    13.9653  45.960856 1.0000e-12     3.7337      0.349    166.747    38.6619  0.000e+00
 289.356450    350.686    13.9653  45.960857 1.0000e-12     3.7362      0.465    166.860    38.6618  0.000e+00
 289.356453    350.817    13.9654  45.961205 1.0000e-12     3.7382      0.311    166.948    38.6620  0.000e+00
 289.356455    350.909    13.9653  45.961206 1.0000e-12     3.7350      0.404    166.804    38.6620  0.000e+00
 289.356458    350.951    13.9653  45.961206 1.0000e-12     3.7384      0.288    166.959    38.6621  0.000e+00
 289.356461    350.964    13.9653  45.961484 1.0000e-12     3.7399      0.244    167.022    38.6623  0.000e+00
 289.356464    350.977    13.9654  45.961832 1.0000e-12     3.7401      0.248    167.034    38.6625  0.000e+00
 289.356467    351.011    13.9656  45.962111 1.0000e-12     3.7379      0.259    166.934    38.6625  0.000e+00
 289.356470    351.093    13.9659  45.961833 1.0000e-12     3.7384      0.309    166.956    38.6619  0.000e+00
 289.356473    351.218    13.9662  45.961485 1.0000e-12     3.7383      0.328    166.954    38.6613  0.000e+00
 289.356476    351.376    13.9659  45.961486 1.0000e-12     3.7337      0.278    166.745    38.6616  0.000e+00
 289.356479    351.524    13.9656  45.961487 1.0000e-12     3.7381      0.303    166.941    38.6618  0.000e+00
 289.356481    351.647    13.9655  45.961487 1.0000e-12     3.7336      0.286    166.742    38.6618  0.000e+00
 289.356484    351.736    13.9653  45.961836 1.0000e-12     3.7315      0.313    166.650    38.6623  0.000e+00
 289.356487    351.793    13.9655  45.961210 1.0000e-12     3.7294      0.296    166.555    38.6615  0.000e+00
 289.356490    351.818    13.9654  45.961488 1.0000e-12     3.7330      0.351    166.716    38.6618  0.000e+00
 289.356493    351.840    13.9653  45.962115 1.0000e-12     3.7338      0.305    166.752    38.6626  0.000e+00
 289.356496    351.876    13.9654  45.962393 1.0000e-12     3.7320      0.273    166.672    38.6626  0.000e+00
 289.356499    351.927    13.9657  45.962115 1.0000e-12     3.7355      0.250    166.826    38.6621  0.000e+00
 289.356502    351.987    13.9659  45.961837 1.0000e-12     3.7357      0.484    166.837    38.6616  0.000e+00
 289.356505    352.060    13.9657  45.961211 1.0000e-12     3.7373      0.301    166.910    38.6611  0.000e+00
 289.356508    352.164    13.9656  45.961490 1.0000e-12     3.7289      0.301    166.531    38.6615  0.000e+00
 289.356510    352.320    13.9652  45.961212 1.0000e-12     3.7335      0.349    166.736    38.6616  0.000e+00
 289.356513    352.516    13.9648  45.961491 1.0000e-12     3.7334      0.288    166.734    38.6621  0.000e+00
 289.356516    352.749    13.9647  45.961492 1.0000e-12     3.7330      0.328    166.717    38.6621  0.000e+00
 289.356519    352.970    13.9647  45.961493 1.0000e-12     3.7330      0.521    166.717    38.6621  0.000e+00
 289.356522    353.152    13.9647  45.961216 1.0000e-12     3.7371      0.336    166.897    38.6617  0.000e+00
 289.356525    353.254    13.9644  45.961495 1.0000e-12     3.7361      0.303    166.852    38.6622  0.000e+00
 289.356528    353.250    13.9644  45.961843 1.0000e-12     3.7357      0.273    166.837    38.6626  0.000e+00
 289.356531    353.160    13.9644  45.962121 1.0000e-12     3.7375      0.265    166.917    38.6628  0.000e+00
 289.356534    353.031    13.9647  45.962120 1.0000e-12     3.7335      0.288    166.740    38.6626  0.000e+00
 289.356536    352.889    13.9651  45.962745 1.0000e-12     3.7315      0.280    166.649    38.6628  0.000e+00
 289.356539    352.825    13.9651  45.962745 1.0000e-12     3.7331      0.311    166.721    38.6629  0.000e+00
 289.356542    352.895    13.9655  45.962398 1.0000e-12     3.7334      0.334    166.734    38.6621  0.000e+00
 289.356545    353.134    13.9656  45.961842 1.0000e-12     3.7323      0.719    166.683    38.6613  0.000e+00
 289.356548    353.496    13.9653  45.961496 1.0000e-12     3.7329      0.364    166.711    38.6612  0.000e+00
 289.356551    353.941    13.9646  45.961846 1.0000e-12     3.7376      0.326    166.921    38.6620  0.000e+00
 289.356554    354.430    13.9644  45.961848 1.0000e-12     3.7345      0.347    166.785    38.6620  0.000e+00
 289.356557    354.849    13.9640  45.961850 1.0000e-12     3.7370      0.326    166.894    38.6622  0.000e+00
 289.356560    355.089    13.9640  45.961503 1.0000e-12     3.7387      0.309    166.968    38.6618  0.000e+00
 289.356563    355.102    13.9637  45.961503 1.0000e-12     3.7374      0.319    166.914    38.6621  0.000e+00
 289.356565    354.927    13.9638  45.962407 1.0000e-12     3.7363      0.319    166.865    38.6630  0.000e+00
 289.356568    354.662    13.9638  45.962753 1.0000e-12     3.7361      0.319    166.853    38.6634  0.000e+00
 289.356571    354.370    13.9641  45.962404 1.0000e-12     3.7382      0.328    166.949    38.6628  0.000e+00
 289.356574    354.141    13.9645  45.962751 1.0000e-12     3.7379      0.334    166.934    38.6629  0.000e+00
 289.356577    354.067    13.9647  45.962403 1.0000e-12     3.7348      0.341    166.794    38.6624  0.000e+00
 289.356580    354.243    13.9646  45.962125 1.0000e-12     3.7334      0.389    166.733    38.6622  0.000e+00
 289.356583    354.573    13.9645  45.962127 1.0000e-12     3.7364      0.389    166.867    38.6621  0.000e+00
 289.356586    355.057    13.9644  45.962755 1.0000e-12     3.7343      0.387    166.773    38.6626  0.000e+00
 289.356589    355.591    13.9643  45.962410 1.0000e-12     3.7336      0.380    166.741    38.6621  0.000e+00
 289.356591    356.078    13.9641  45.962133 1.0000e-12     3.7363      0.357    166.862    38.6619  0.000e+00
 289.356594    356.399    13.9638  45.962135 1.0000e-12     3.7331      0.362    166.720    38.6620  0.000e+00
 289.356597    356.550    13.9635  45.962136 1.0000e-12     3.7402      0.336    167.036    38.6623  0.000e+00
 289.356600    356.516    13.9632  45.962414 1.0000e-12     3.7354      0.355    166.822    38.6628  0.000e+00
 289.356603    356.380    13.9632  45.963387 1.0000e-12     3.7377      0.357    166.924    38.6638  0.000e+00
 289.356606    356.194    13.9635  45.963665 1.0000e-12     3.7363      0.362    166.861    38.6638  0.000e+00
 289.356609    356.014    13.9641  45.963386 1.0000e-12     3.7340      0.393    166.761    38.6630  0.000e+00
 289.356612    355.918    13.9643  45.963664 1.0000e-12     3.7270      0.372    166.448    38.6632  0.000e+00
 289.356615    355.976    13.9644  45.963037 1.0000e-12     3.7245      0.389    166.338    38.6624  0.000e+00
 289.356617    356.214    13.9644  45.962760 1.0000e-12     3.7253      0.374    166.371    38.6621  0.000e+00
 289.356620    356.554    13.9641  45.963040 1.0000e-12     3.7283      0.408    166.505    38.6625  0.000e+00
 289.356623    356.950    13.9639  45.962416 1.0000e-12     3.7285      0.351    166.515    38.6619  0.000e+00
 289.356626    357.319    13.9637  45.962417 1.0000e-12     3.7281      0.364    166.497    38.6620  0.000e+00
 289.356629    357.630    13.9633  45.962767 1.0000e-12     3.7340      0.526    166.762    38.6625  0.000e+00
 289.356632    357.826    13.9632  45.962141 1.0000e-12     3.7376      0.319    166.921    38.6619  0.000e+00
 289.356635    357.911    13.9629  45.962420 1.0000e-12     3.7376      0.273    166.922    38.6625  0.000e+00
 289.356638    357.910    13.9627  45.963046 1.0000e-12     3.7337      0.296    166.747    38.6633  0.000e+00
 289.356641    357.884    13.9630  45.963672 1.0000e-12     3.7354      0.301    166.821    38.6637  0.000e+00
 289.356644    357.855    13.9632  45.963672 1.0000e-12     3.7365      0.303    166.872    38.6635  0.000e+00
 289.356646    357.837    13.9636  45.964020 1.0000e-12     3.7347      0.336    166.790    38.6633  0.000e+00
 289.356649    357.868    13.9638  45.963672 1.0000e-12     3.7370      0.319    166.896    38.6628  0.000e+00
 289.356652    357.977    13.9637  45.963394 1.0000e-12     3.7356      0.334    166.832    38.6626  0.000e+00
 289.356655    358.164    13.9635  45.962769 1.0000e-12     3.7362      0.334    166.859    38.6621  0.000e+00
 289.356658    358.402    13.9632  45.962770 1.0000e-12     3.7382      0.347    166.947    38.6623  0.000e+00
 289.356661    358.691    13.9630  45.963050 1.0000e-12     3.7347      0.336    166.793    38.6627  0.000e+00
 289.356664    358.962    13.9628  45.963051 1.0000e-12     3.7329      0.332    166.710    38.6627  0.000e+00
 289.356667    359.203    13.9627  45.963400 1.0000e-12     3.7315      0.319    166.648    38.6630  0.000e+00
 289.356670    359.378    13.9628  45.963401 1.0000e-12     3.7328      0.320    166.707    38.6629  0.000e+00
 289.356672    359.488    13.9627  45.963401 1.0000e-12     3.7309      0.271    166.621    38.6630  0.000e+00
 289.356675    359.556    13.9626  45.964028 1.0000e-12     3.7319      0.311    166.667    38.6636  0.000e+00
 289.356678    359.632    13.9627  45.964028 1.0000e-12     3.7295      0.294    166.561    38.6634  0.000e+00
 289.356681    359.741    13.9628  45.963681 1.0000e-12     3.7331      0.290    166.718    38.6630  0.000e+00
 289.356684    359.910    13.9630  45.963681 1.0000e-12     3.7309      0.380    166.621    38.6628  0.000e+00
 289.356687    360.121    13.9627  45.963404 1.0000e-12     3.7302      0.303    166.589    38.6627  0.000e+00
 289.356690    360.355    13.9621  45.963683 1.0000e-12     3.7303      0.296    166.595    38.6634  0.000e+00
 289.356693    360.581    13.9618  45.963406 1.0000e-12     3.7326      0.298    166.698    38.6634  0.000e+00
 289.356696    360.759    13.9615  45.963407 1.0000e-12     3.7281      0.296    166.498    38.6636  0.000e+00
 289.356698    360.880    13.9611  45.963407 1.0000e-12     3.7303      0.288    166.596    38.6640  0.000e+00
 289.356701    360.948    13.9612  45.963686 1.0000e-12     3.7324      0.429    166.688    38.6641  0.000e+00
 289.356704    360.977    13.9612  45.964034 1.0000e-12     3.7262      0.374    166.414    38.6644  0.000e+00
