Code_for_CTD/Code/CTD_measurements/CTD7708-20241015-MIR-2.cnv
* Sea-Bird SBE19plus Data File:
* FileName = C:\CTD\CTD7708-20241015-MIR-2.hex
* Software Version 1.59
* Temperature SN =  7708
* Conductivity SN =  7708
* System UpLoad Time = Oct 15 2024 09:21:56
* ds
* SBE 19plus V 3.1.8  SERIAL NO. 7708    15 Oct 2024 09:21:48
# nquan = 10
# nvalues = 3474                                  
# units = specified
# name 0 = timeJ: Julian Days
# name 1 = prdM: Pressure, Strain Gauge [db]
# name 2 = tv290C: Temperature [ITS-90, deg C]
# name 3 = c0mS/cm: Conductivity [mS/cm]
# name 4 = par: PAR/Irradiance, Biospherical/Licor
# name 5 = sbeox0ML/L: Oxygen, SBE 43 [ml/l]
# name 6 = seaTurbMtr: Turbidity, Seapoint [FTU]
# name 7 = sbeox0Mm/L: Oxygen, SBE 43 [umol/l]
# name 8 = sal00: Salinity, Practical [PSU]
# name 9 = flag:  0.000e+00
# span 0 = 289.378426, 289.388475                 
# span 1 =      0.024,    216.341                 
# span 2 =    13.9322,    19.8685                 
# span 3 =   0.039116,  51.795779                 
# span 4 = 1.0000e-12, 3.4309e+02                 
# span 5 =     3.7692,     5.8643                 
# span 6 =      0.000,    120.117                 
# span 7 =    168.333,    261.898                 
# span 8 =     0.0258,    38.8218                 
# span 9 = 0.0000e+00, 0.0000e+00                 
# interval = seconds: 0.25
# start_time = Oct 15 2024 09:04:56 [Instrument's time stamp, header]
# bad_flag = -9.990e-29
*END*
[from data line 2163]
 289.384685    199.743    13.9349  45.713180 1.0000e-12     4.0209      0.343    179.573    38.5254  0.000e+00
 289.384687    199.767    13.9346  45.712833 1.0000e-12     4.0207      0.378    179.563    38.5254  0.000e+00
 289.384690    199.687    13.9344  45.713457 1.0000e-12     4.0273      0.275    179.861    38.5262  0.000e+00
 289.384693    199.488    13.9345  45.713456 1.0000e-12     4.0297      0.280    179.965    38.5262  0.000e+00
 289.384696    199.197    13.9345  45.712830 1.0000e-12     4.0337      0.809    180.143    38.5258  0.000e+00
 289.384699    198.834    13.9348  45.712551 1.0000e-12     4.0394      0.303    180.400    38.5254  0.000e+00
 289.384702    198.459    13.9350  45.712202 1.0000e-12     4.0368      0.257    180.285    38.5250  0.000e+00
 289.384705    198.109    13.9352  45.711923 1.0000e-12     4.0350      0.303    180.204    38.5247  0.000e+00
 289.384708    197.826    13.9353  45.711922 1.0000e-12     4.0353      0.296    180.216    38.5247  0.000e+00
 289.384711    197.661    13.9352  45.711296 1.0000e-12     4.0373      0.290    180.307    38.5243  0.000e+00
 289.384714    197.601    13.9353  45.710671 1.0000e-12     4.0315      0.265    180.045    38.5236  0.000e+00
 289.384716    197.641    13.9348  45.709491 1.0000e-12     4.0345      0.280    180.183    38.5229  0.000e+00
 289.384719    197.725    13.9343  45.707339 1.0000e-12     4.0332      0.301    180.121    38.5214  0.000e+00
 289.384722    197.803    13.9336  45.707618 1.0000e-12     4.0334      0.275    180.130    38.5224  0.000e+00
 289.384725    197.834    13.9334  45.708867 1.0000e-12     4.0362      0.250    180.259    38.5237  0.000e+00
 289.384728    197.779    13.9332  45.708867 1.0000e-12     4.0326      0.233    180.097    38.5239  0.000e+00
 289.384731    197.612    13.9331  45.709144 1.0000e-12     4.0364      0.235    180.265    38.5243  0.000e+00
 289.384734    197.351    13.9333  45.709143 1.0000e-12     4.0405      0.242    180.450    38.5242  0.000e+00
 289.384737    197.035    13.9337  45.709141 1.0000e-12     4.0420      0.326    180.518    38.5240  0.000e+00
 289.384740    196.718    13.9340  45.709140 1.0000e-12     4.0370      0.393    180.293    38.5238  0.000e+00
 289.384742    196.426    13.9343  45.708861 1.0000e-12     4.0424      0.628    180.534    38.5234  0.000e+00
 289.384745    196.216    13.9345  45.708513 1.0000e-12     4.0433      0.250    180.574    38.5230  0.000e+00
 289.384748    196.080    13.9345  45.708235 1.0000e-12     4.0460      0.313    180.693    38.5228  0.000e+00
 289.384751    196.018    13.9345  45.706985 1.0000e-12     4.0438      0.263    180.594    38.5216  0.000e+00
 289.384754    196.016    13.9340  45.706707 1.0000e-12     4.0427      0.317    180.548    38.5219  0.000e+00
 289.384757    196.043    13.9336  45.706430 1.0000e-12     4.0387      0.540    180.368    38.5220  0.000e+00
 289.384760    196.047    13.9333  45.706083 1.0000e-12     4.0398      0.271    180.416    38.5220  0.000e+00
 289.384763    196.003    13.9329  45.706430 1.0000e-12     4.0425      0.263    180.537    38.5227  0.000e+00
 289.384766    195.876    13.9328  45.706082 1.0000e-12     4.0437      0.233    180.590    38.5225  0.000e+00
 289.384769    195.673    13.9330  45.706706 1.0000e-12     4.0378      0.248    180.327    38.5231  0.000e+00
 289.384771    195.403    13.9332  45.706080 1.0000e-12     4.0370      0.374    180.292    38.5224  0.000e+00
 289.384774    195.107    13.9336  45.706426 1.0000e-12     4.0359      0.334    180.245    38.5224  0.000e+00
 289.384777    194.797    13.9336  45.706077 1.0000e-12     4.0370      0.263    180.290    38.5222  0.000e+00
 289.384780    194.511    13.9337  45.705451 1.0000e-12     4.0384      0.303    180.354    38.5216  0.000e+00
 289.384783    194.279    13.9341  45.704895 1.0000e-12     4.0370      0.351    180.292    38.5208  0.000e+00
 289.384786    194.113    13.9342  45.703922 1.0000e-12     4.0403      0.309    180.439    38.5199  0.000e+00
 289.384789    194.021    13.9341  45.703019 1.0000e-12     4.0407      0.248    180.459    38.5192  0.000e+00
 289.384792    193.983    13.9338  45.701492 1.0000e-12     4.0436      0.275    180.586    38.5181  0.000e+00
 289.384795    193.963    13.9335  45.699618 1.0000e-12     4.0426      0.347    180.543    38.5166  0.000e+00
 289.384797    193.919    13.9332  45.699964 1.0000e-12     4.0448      0.259    180.641    38.5172  0.000e+00
 289.384800    193.812    13.9329  45.699617 1.0000e-12     4.0483      0.349    180.796    38.5173  0.000e+00
 289.384803    193.635    13.9330  45.699616 1.0000e-12     4.0497      0.280    180.860    38.5172  0.000e+00
 289.384806    193.390    13.9333  45.700240 1.0000e-12     4.0572      0.311    181.194    38.5177  0.000e+00
 289.384809    193.101    13.9336  45.699614 1.0000e-12     4.0544      0.341    181.072    38.5169  0.000e+00
 289.384812    192.799    13.9338  45.699612 1.0000e-12     4.0533      0.282    181.021    38.5168  0.000e+00
 289.384815    192.510    13.9342  45.699056 1.0000e-12     4.0542      0.233    181.060    38.5160  0.000e+00
 289.384818    192.289    13.9344  45.698708 1.0000e-12     4.0493      0.273    180.843    38.5156  0.000e+00
 289.384821    192.135    13.9346  45.698082 1.0000e-12     4.0438      0.334    180.597    38.5148  0.000e+00
 289.384823    192.046    13.9348  45.696902 1.0000e-12     4.0410      0.263    180.470    38.5136  0.000e+00
 289.384826    191.997    13.9345  45.696277 1.0000e-12     4.0402      0.698    180.435    38.5133  0.000e+00
 289.384829    191.955    13.9344  45.695930 1.0000e-12     4.0445      0.439    180.627    38.5131  0.000e+00
 289.384832    191.870    13.9343  45.695929 1.0000e-12     4.0479      0.326    180.780    38.5132  0.000e+00
 289.384835    191.696    13.9343  45.695928 1.0000e-12     4.0495      0.263    180.853    38.5133  0.000e+00
 289.384838    191.438    13.9342  45.696552 1.0000e-12     4.0573      0.242    181.197    38.5141  0.000e+00
 289.384841    191.102    13.9348  45.696550 1.0000e-12     4.0591      0.252    181.280    38.5136  0.000e+00
 289.384844    190.718    13.9351  45.696271 1.0000e-12     4.0577      0.235    181.218    38.5132  0.000e+00
 289.384847    190.342    13.9354  45.696269 1.0000e-12     4.0556      0.265    181.121    38.5132  0.000e+00
 289.384850    190.027    13.9354  45.695921 1.0000e-12     4.0563      0.273    181.154    38.5129  0.000e+00
 289.384852    189.807    13.9356  45.695365 1.0000e-12     4.0533      0.324    181.021    38.5123  0.000e+00
 289.384855    189.688    13.9356  45.694739 1.0000e-12     4.0571      0.282    181.189    38.5118  0.000e+00
 289.384858    189.648    13.9354  45.694739 1.0000e-12     4.0560      0.370    181.139    38.5120  0.000e+00
 289.384861    189.659    13.9354  45.694392 1.0000e-12     4.0570      0.296    181.185    38.5117  0.000e+00
 289.384864    189.651    13.9351  45.694115 1.0000e-12     4.0569      0.341    181.182    38.5117  0.000e+00
 289.384867    189.588    13.9351  45.694392 1.0000e-12     4.0616      0.320    181.391    38.5120  0.000e+00
 289.384870    189.476    13.9352  45.694391 1.0000e-12     4.0604      0.250    181.339    38.5119  0.000e+00
 289.384873    189.292    13.9353  45.695015 1.0000e-12     4.0579      0.257    181.226    38.5125  0.000e+00
 289.384876    189.064    13.9355  45.694737 1.0000e-12     4.0616      0.257    181.391    38.5121  0.000e+00
 289.384878    188.794    13.9358  45.694388 1.0000e-12     4.0632      0.286    181.462    38.5116  0.000e+00
 289.384881    188.498    13.9359  45.694387 1.0000e-12     4.0642      0.240    181.508    38.5116  0.000e+00
 289.384884    188.192    13.9359  45.694386 1.0000e-12     4.0640      0.273    181.498    38.5118  0.000e+00
 289.384887    187.903    13.9360  45.694384 1.0000e-12     4.0601      0.408    181.322    38.5118  0.000e+00
 289.384890    187.633    13.9362  45.694383 1.0000e-12     4.0613      0.425    181.379    38.5117  0.000e+00
 289.384893    187.410    13.9365  45.694105 1.0000e-12     4.0629      0.320    181.450    38.5113  0.000e+00
 289.384896    187.241    13.9365  45.693826 1.0000e-12     4.0610      0.263    181.366    38.5110  0.000e+00
 289.384899    187.140    13.9364  45.693479 1.0000e-12     4.0640      0.265    181.497    38.5109  0.000e+00
 289.384902    187.078    13.9363  45.693201 1.0000e-12     4.0621      0.265    181.411    38.5108  0.000e+00
 289.384905    187.047    13.9363  45.692576 1.0000e-12     4.0627      0.267    181.439    38.5102  0.000e+00
 289.384907    187.002    13.9360  45.692576 1.0000e-12     4.0626      0.263    181.436    38.5105  0.000e+00
 289.384910    186.909    13.9361  45.692853 1.0000e-12     4.0625      0.265    181.433    38.5107  0.000e+00
 289.384913    186.744    13.9360  45.693199 1.0000e-12     4.0612      0.341    181.374    38.5112  0.000e+00
 289.384916    186.520    13.9363  45.693823 1.0000e-12     4.0573      0.305    181.201    38.5116  0.000e+00
 289.384919    186.235    13.9368  45.693475 1.0000e-12     4.0616      0.319    181.393    38.5109  0.000e+00
 289.384922    185.928    13.9371  45.693820 1.0000e-12     4.0607      0.271    181.349    38.5111  0.000e+00
 289.384925    185.625    13.9374  45.693819 1.0000e-12     4.0602      0.324    181.330    38.5109  0.000e+00
 289.384928    185.355    13.9376  45.693818 1.0000e-12     4.0600      0.273    181.321    38.5108  0.000e+00
 289.384931    185.152    13.9379  45.693470 1.0000e-12     4.0620      0.235    181.408    38.5103  0.000e+00
 289.384933    185.012    13.9380  45.693192 1.0000e-12     4.0599      0.294    181.313    38.5100  0.000e+00
 289.384936    184.938    13.9380  45.692844 1.0000e-12     4.0611      0.282    181.370    38.5097  0.000e+00
 289.384939    184.905    13.9377  45.692566 1.0000e-12     4.0622      0.301    181.419    38.5097  0.000e+00
 289.384942    184.887    13.9375  45.692566 1.0000e-12     4.0582      0.280    181.240    38.5099  0.000e+00
 289.384945    184.834    13.9375  45.692844 1.0000e-12     4.0588      0.250    181.266    38.5102  0.000e+00
 289.384948    184.713    13.9376  45.692843 1.0000e-12     4.0608      0.248    181.357    38.5102  0.000e+00
 289.384951    184.510    13.9377  45.693189 1.0000e-12     4.0571      0.257    181.189    38.5106  0.000e+00
 289.384954    184.252    13.9380  45.693188 1.0000e-12     4.0598      0.282    181.310    38.5104  0.000e+00
 289.384957    183.959    13.9381  45.693187 1.0000e-12     4.0584      0.303    181.249    38.5103  0.000e+00
 289.384959    183.663    13.9384  45.693186 1.0000e-12     4.0577      0.296    181.219    38.5102  0.000e+00
 289.384962    183.393    13.9387  45.693462 1.0000e-12     4.0590      0.256    181.276    38.5103  0.000e+00
 289.384965    183.162    13.9388  45.693183 1.0000e-12     4.0561      0.372    181.144    38.5100  0.000e+00
 289.384968    182.981    13.9389  45.692835 1.0000e-12     4.0536      0.250    181.034    38.5096  0.000e+00
 289.384971    182.839    13.9388  45.692557 1.0000e-12     4.0516      0.288    180.944    38.5096  0.000e+00
 289.384974    182.729    13.9389  45.692210 1.0000e-12     4.0473      0.357    180.755    38.5091  0.000e+00
 289.384977    182.640    13.9387  45.691932 1.0000e-12     4.0491      0.301    180.834    38.5092  0.000e+00
 289.384980    182.571    13.9384  45.692209 1.0000e-12     4.0476      0.450    180.764    38.5097  0.000e+00
 289.384983    182.493    13.9386  45.692209 1.0000e-12     4.0466      0.309    180.720    38.5096  0.000e+00
 289.384986    182.401    13.9386  45.691931 1.0000e-12     4.0480      0.265    180.782    38.5094  0.000e+00
 289.384988    182.270    13.9387  45.691930 1.0000e-12     4.0534      0.259    181.024    38.5093  0.000e+00
 289.384991    182.105    13.9386  45.692554 1.0000e-12     4.0565      0.298    181.164    38.5101  0.000e+00
 289.384994    181.900    13.9390  45.692553 1.0000e-12     4.0575      0.257    181.207    38.5098  0.000e+00
 289.384997    181.664    13.9390  45.692205 1.0000e-12     4.0571      0.242    181.192    38.5095  0.000e+00
 289.385000    181.411    13.9391  45.692204 1.0000e-12     4.0582      0.282    181.241    38.5096  0.000e+00
 289.385003    181.155    13.9393  45.691925 1.0000e-12     4.0585      0.326    181.251    38.5092  0.000e+00
 289.385006    180.917    13.9393  45.692202 1.0000e-12     4.0606      0.275    181.346    38.5096  0.000e+00
 289.385009    180.710    13.9394  45.691923 1.0000e-12     4.0555      0.290    181.119    38.5093  0.000e+00
 289.385012    180.562    13.9396  45.691645 1.0000e-12     4.0533      0.263    181.019    38.5089  0.000e+00
 289.385014    180.453    13.9395  45.691297 1.0000e-12     4.0538      0.311    181.045    38.5088  0.000e+00
 289.385017    180.380    13.9395  45.690672 1.0000e-12     4.0540      0.301    181.050    38.5081  0.000e+00
 289.385020    180.330    13.9393  45.690394 1.0000e-12     4.0556      0.364    181.125    38.5081  0.000e+00
 289.385023    180.266    13.9392  45.690672 1.0000e-12     4.0568      0.288    181.178    38.5086  0.000e+00
 289.385026    180.161    13.9392  45.690394 1.0000e-12     4.0623      0.481    181.421    38.5084  0.000e+00
 289.385029    180.000    13.9392  45.690671 1.0000e-12     4.0606      0.301    181.348    38.5086  0.000e+00
 289.385032    179.778    13.9395  45.691294 1.0000e-12     4.0672      0.288    181.642    38.5091  0.000e+00
 289.385035    179.512    13.9400  45.691293 1.0000e-12     4.0689      0.301    181.715    38.5087  0.000e+00
 289.385038    179.212    13.9403  45.691639 1.0000e-12     4.0609      0.326    181.361    38.5088  0.000e+00
 289.385041    178.908    13.9407  45.691290 1.0000e-12     4.0610      0.393    181.364    38.5082  0.000e+00
 289.385043    178.623    13.9411  45.691636 1.0000e-12     4.0600      0.351    181.320    38.5083  0.000e+00
 289.385046    178.383    13.9413  45.691635 1.0000e-12     4.0581      0.343    181.235    38.5082  0.000e+00
 289.385049    178.213    13.9418  45.691634 1.0000e-12     4.0563      0.324    181.154    38.5077  0.000e+00
 289.385052    178.108    13.9421  45.691634 1.0000e-12     4.0536      0.303    181.033    38.5075  0.000e+00
 289.385055    178.052    13.9424  45.691633 1.0000e-12     4.0574      0.288    181.205    38.5073  0.000e+00
 289.385058    178.041    13.9428  45.692189 1.0000e-12     4.0592      0.340    181.283    38.5073  0.000e+00
 289.385061    178.032    13.9433  45.692188 1.0000e-12     4.0631      0.282    181.458    38.5068  0.000e+00
 289.385064    177.999    13.9440  45.692188 1.0000e-12     4.0609      0.256    181.362    38.5062  0.000e+00
 289.385067    177.905    13.9442  45.692535 1.0000e-12     4.0580      0.259    181.230    38.5063  0.000e+00
 289.385069    177.727    13.9447  45.692812 1.0000e-12     4.0576      0.257    181.212    38.5061  0.000e+00
 289.385072    177.490    13.9447  45.693158 1.0000e-12     4.0603      0.309    181.331    38.5066  0.000e+00
 289.385075    177.183    13.9453  45.693156 1.0000e-12     4.0595      0.326    181.296    38.5061  0.000e+00
 289.385078    176.866    13.9456  45.692808 1.0000e-12     4.0586      0.282    181.259    38.5057  0.000e+00
 289.385081    176.545    13.9457  45.692806 1.0000e-12     4.0562      0.242    181.149    38.5057  0.000e+00
 289.385084    176.242    13.9461  45.692805 1.0000e-12     4.0514      0.290    180.935    38.5054  0.000e+00
 289.385087    175.972    13.9465  45.692804 1.0000e-12     4.0552      0.336    181.105    38.5052  0.000e+00
 289.385090    175.729    13.9468  45.692803 1.0000e-12     4.0541      0.319    181.056    38.5049  0.000e+00
 289.385093    175.540    13.9470  45.692802 1.0000e-12     4.0546      0.298    181.077    38.5049  0.000e+00
 289.385095    175.415    13.9474  45.692523 1.0000e-12     4.0572      0.257    181.194    38.5042  0.000e+00
