Code_for_CTD/Code/CTD_measurements/CTD7708-20241015-MIR-2.cnv
* Sea-Bird SBE19plus Data File:
* FileName = C:\CTD\CTD7708-20241015-MIR-2.hex
* Software Version 1.59
* Temperature SN =  7708
* Conductivity SN =  7708
* System UpLoad Time = Oct 15 2024 09:21:56
* ds
* SBE 19plus V 3.1.8  SERIAL NO. 7708    15 Oct 2024 09:21:48
# nquan = 10
# nvalues = 3474                                  
# units = specified
# name 0 = timeJ: Julian Days
# name 1 = prdM: Pressure, Strain Gauge [db]
# name 2 = tv290C: Temperature [ITS-90, deg C]
# name 3 = c0mS/cm: Conductivity [mS/cm]
# name 4 = par: PAR/Irradiance, Biospherical/Licor
# name 5 = sbeox0ML/L: Oxygen, SBE 43 [ml/l]
# name 6 = seaTurbMtr: Turbidity, Seapoint [FTU]
# name 7 = sbeox0Mm/L: Oxygen, SBE 43 [umol/l]
# name 8 = sal00: Salinity, Practical [PSU]
# name 9 = flag:  0.000e+00
# span 0 = 289.378426, 289.388475                 
# span 1 =      0.024,    216.341                 
# span 2 =    13.9322,    19.8685                 
# span 3 =   0.039116,  51.795779                 
# span 4 = 1.0000e-12, 3.4309e+02                 
# span 5 =     3.7692,     5.8643                 
# span 6 =      0.000,    120.117                 
# span 7 =    168.333,    261.898                 
# span 8 =     0.0258,    38.8218                 
# span 9 = 0.0000e+00, 0.0000e+00                 
# interval = seconds: 0.25
# start_time = Oct 15 2024 09:04:56 [Instrument's time stamp, header]
# bad_flag = -9.990e-29
*END*
[from data line 2595]
 289.385935    129.032    14.0845  45.710696 1.0000e-12     4.1841      0.290    186.861    38.4049  0.000e+00
 289.385938    128.831    14.0833  45.709793 1.0000e-12     4.1794      0.257    186.650    38.4053  0.000e+00
 289.385940    128.590    14.0827  45.709445 1.0000e-12     4.1839      0.237    186.852    38.4058  0.000e+00
 289.385943    128.352    14.0823  45.707916 1.0000e-12     4.1736      0.311    186.395    38.4048  0.000e+00
 289.385946    128.115    14.0816  45.707013 1.0000e-12     4.1807      0.496    186.708    38.4047  0.000e+00
 289.385949    127.894    14.0812  45.706387 1.0000e-12     4.1688      0.572    186.177    38.4046  0.000e+00
 289.385952    127.694    14.0813  45.706109 1.0000e-12     4.1642      0.280    185.972    38.4044  0.000e+00
 289.385955    127.526    14.0818  45.705483 1.0000e-12     4.1628      0.265    185.912    38.4034  0.000e+00
 289.385958    127.375    14.0821  45.705482 1.0000e-12     4.1596      0.273    185.768    38.4031  0.000e+00
 289.385961    127.248    14.0827  45.706384 1.0000e-12     4.1665      0.319    186.078    38.4035  0.000e+00
 289.385964    127.138    14.0833  45.707009 1.0000e-12     4.1791      0.227    186.639    38.4034  0.000e+00
 289.385966    127.051    14.0843  45.707633 1.0000e-12     4.1850      0.265    186.903    38.4031  0.000e+00
 289.385969    126.971    14.0854  45.708535 1.0000e-12     4.1733      0.328    186.378    38.4029  0.000e+00
 289.385972    126.881    14.0865  45.709159 1.0000e-12     4.1866      0.305    186.973    38.4024  0.000e+00
 289.385975    126.774    14.0874  45.709783 1.0000e-12     4.1786      0.301    186.615    38.4022  0.000e+00
 289.385978    126.632    14.0882  45.710963 1.0000e-12     4.1837      0.242    186.842    38.4025  0.000e+00
 289.385981    126.460    14.0893  45.711864 1.0000e-12     4.1826      0.364    186.795    38.4024  0.000e+00
 289.385984    126.253    14.0902  45.712835 1.0000e-12     4.1821      0.303    186.772    38.4025  0.000e+00
 289.385987    126.025    14.0911  45.713737 1.0000e-12     4.1797      0.410    186.664    38.4025  0.000e+00
 289.385990    125.773    14.0923  45.716512 1.0000e-12     4.1856      0.399    186.931    38.4041  0.000e+00
 289.385992    125.523    14.0938  45.719844 1.0000e-12     4.1901      0.530    187.130    38.4058  0.000e+00
 289.385995    125.313    14.0960  45.721370 1.0000e-12     4.1911      0.370    187.174    38.4052  0.000e+00
 289.385998    125.162    14.0984  45.724493 1.0000e-12     4.1905      0.456    187.149    38.4058  0.000e+00
 289.386001    125.068    14.1009  45.729700 1.0000e-12     4.1912      0.334    187.181    38.4083  0.000e+00
 289.386004    125.030    14.1040  45.741643 1.0000e-12     4.1889      0.515    187.077    38.4164  0.000e+00
 289.386007    125.023    14.1104  45.755185 1.0000e-12     4.1918      0.418    187.206    38.4228  0.000e+00
 289.386010    125.025    14.1195  45.760670 1.0000e-12     4.1897      0.439    187.112    38.4188  0.000e+00
 289.386013    124.997    14.1277  45.760669 1.0000e-12     4.1895      0.301    187.105    38.4107  0.000e+00
 289.386016    124.918    14.1325  45.763724 1.0000e-12     4.1923      0.290    187.226    38.4088  0.000e+00
 289.386019    124.780    14.1363  45.765598 1.0000e-12     4.1935      0.296    187.282    38.4069  0.000e+00
 289.386021    124.568    14.1387  45.764624 1.0000e-12     4.1974      0.378    187.457    38.4037  0.000e+00
 289.386024    124.303    14.1402  45.766498 1.0000e-12     4.1971      0.530    187.442    38.4040  0.000e+00
 289.386027    124.017    14.1414  45.772054 1.0000e-12     4.1988      0.349    187.516    38.4082  0.000e+00
 289.386030    123.750    14.1441  45.775386 1.0000e-12     4.1956      0.643    187.378    38.4088  0.000e+00
 289.386033    123.520    14.1474  45.776913 1.0000e-12     4.1949      0.349    187.342    38.4070  0.000e+00
 289.386036    123.342    14.1499  45.778162 1.0000e-12     4.1907      0.311    187.158    38.4058  0.000e+00
 289.386039    123.212    14.1518  45.781218 1.0000e-12     4.1884      0.324    187.055    38.4068  0.000e+00
 289.386042    123.134    14.1540  45.783371 1.0000e-12     4.1874      0.340    187.009    38.4067  0.000e+00
 289.386045    123.085    14.1564  45.785871 1.0000e-12     4.1847      0.351    186.891    38.4067  0.000e+00
 289.386047    123.051    14.1586  45.789831 1.0000e-12     4.1864      0.389    186.966    38.4082  0.000e+00
 289.386050    123.011    14.1614  45.790178 1.0000e-12     4.1905      0.324    187.147    38.4057  0.000e+00
 289.386053    122.947    14.1636  45.791358 1.0000e-12     4.1971      0.326    187.442    38.4047  0.000e+00
 289.386056    122.840    14.1654  45.791983 1.0000e-12     4.1993      0.349    187.542    38.4035  0.000e+00
 289.386059    122.670    14.1667  45.791356 1.0000e-12     4.2038      0.370    187.741    38.4017  0.000e+00
 289.386062    122.436    14.1672  45.791077 1.0000e-12     4.2052      0.311    187.802    38.4011  0.000e+00
 289.386065    122.164    14.1673  45.791701 1.0000e-12     4.2081      0.328    187.932    38.4017  0.000e+00
 289.386068    121.892    14.1677  45.792326 1.0000e-12     4.2074      0.389    187.904    38.4020  0.000e+00
 289.386071    121.660    14.1681  45.793506 1.0000e-12     4.2060      0.332    187.841    38.4028  0.000e+00
 289.386073    121.506    14.1691  45.795658 1.0000e-12     4.2049      0.336    187.793    38.4039  0.000e+00
 289.386076    121.428    14.1704  45.796909 1.0000e-12     4.2051      0.364    187.801    38.4039  0.000e+00
 289.386079    121.410    14.1719  45.798715 1.0000e-12     4.2043      0.677    187.762    38.4041  0.000e+00
 289.386082    121.423    14.1734  45.799062 1.0000e-12     4.2074      0.433    187.901    38.4029  0.000e+00
 289.386085    121.412    14.1742  45.796908 1.0000e-12     4.2072      0.420    187.895    38.4000  0.000e+00
 289.386088    121.341    14.1740  45.796004 1.0000e-12     4.2041      0.380    187.755    38.3994  0.000e+00
 289.386091    121.189    14.1735  45.796282 1.0000e-12     4.2083      0.319    187.944    38.4002  0.000e+00
 289.386094    120.977    14.1731  45.796559 1.0000e-12     4.2108      0.301    188.055    38.4010  0.000e+00
 289.386097    120.707    14.1731  45.797530 1.0000e-12     4.2097      0.515    188.004    38.4021  0.000e+00
 289.386100    120.435    14.1735  45.799058 1.0000e-12     4.2105      0.343    188.043    38.4032  0.000e+00
 289.386102    120.181    14.1745  45.801488 1.0000e-12     4.2081      0.381    187.933    38.4046  0.000e+00
 289.386105    119.973    14.1761  45.804892 1.0000e-12     4.2084      0.351    187.945    38.4063  0.000e+00
 289.386108    119.822    14.1781  45.807670 1.0000e-12     4.2074      0.303    187.905    38.4070  0.000e+00
 289.386111    119.715    14.1807  45.809198 1.0000e-12     4.2092      0.303    187.984    38.4059  0.000e+00
 289.386114    119.656    14.1830  45.810101 1.0000e-12     4.2083      0.351    187.943    38.4045  0.000e+00
 289.386117    119.607    14.1851  45.810726 1.0000e-12     4.2066      0.340    187.868    38.4030  0.000e+00
 289.386120    119.574    14.1865  45.811629 1.0000e-12     4.2086      0.420    187.955    38.4025  0.000e+00
 289.386123    119.524    14.1877  45.813504 1.0000e-12     4.2121      0.349    188.112    38.4030  0.000e+00
 289.386126    119.462    14.1893  45.817187 1.0000e-12     4.2093      0.309    187.986    38.4049  0.000e+00
 289.386128    119.379    14.1916  45.819618 1.0000e-12     4.2104      0.319    188.034    38.4050  0.000e+00
 289.386131    119.255    14.1941  45.820243 1.0000e-12     4.2106      0.296    188.047    38.4032  0.000e+00
 289.386134    119.101    14.1962  45.821493 1.0000e-12     4.2067      0.341    187.873    38.4023  0.000e+00
 289.386137    118.924    14.1977  45.823924 1.0000e-12     4.2113      0.349    188.077    38.4032  0.000e+00
 289.386140    118.714    14.1997  45.826703 1.0000e-12     4.2115      0.324    188.087    38.4039  0.000e+00
 289.386143    118.487    14.2022  45.829134 1.0000e-12     4.2108      0.357    188.054    38.4038  0.000e+00
 289.386146    118.249    14.2051  45.831634 1.0000e-12     4.2112      0.486    188.071    38.4033  0.000e+00
 289.386149    118.012    14.2077  45.838375 1.0000e-12     4.2136      0.380    188.180    38.4071  0.000e+00
 289.386152    117.796    14.2123  45.845810 1.0000e-12     4.2161      0.393    188.293    38.4097  0.000e+00
 289.386155    117.624    14.2190  45.853802 1.0000e-12     4.2172      0.444    188.339    38.4107  0.000e+00
 289.386157    117.505    14.2269  45.863325 1.0000e-12     4.2182      0.561    188.385    38.4118  0.000e+00
 289.386160    117.434    14.2356  45.869789 1.0000e-12     4.2168      0.393    188.321    38.4092  0.000e+00
 289.386163    117.418    14.2444  45.880842 1.0000e-12     4.2210      0.372    188.509    38.4108  0.000e+00
 289.386166    117.421    14.2543  45.885152 1.0000e-12     4.2241      0.370    188.647    38.4050  0.000e+00
 289.386169    117.414    14.2629  45.886124 1.0000e-12     4.2227      0.496    188.587    38.3974  0.000e+00
 289.386172    117.358    14.2684  45.889183 1.0000e-12     4.2277      0.469    188.807    38.3948  0.000e+00
 289.386175    117.240    14.2724  45.889807 1.0000e-12     4.2320      0.340    189.003    38.3914  0.000e+00
 289.386178    117.059    14.2753  45.889180 1.0000e-12     4.2287      0.317    188.853    38.3880  0.000e+00
 289.386181    116.825    14.2766  45.888275 1.0000e-12     4.2290      0.317    188.867    38.3860  0.000e+00
 289.386183    116.584    14.2769  45.890082 1.0000e-12     4.2310      0.429    188.955    38.3875  0.000e+00
 289.386186    116.361    14.2776  45.896896 1.0000e-12     4.2342      0.729    189.099    38.3932  0.000e+00
 289.386189    116.167    14.2808  45.904266 1.0000e-12     4.2382      0.481    189.276    38.3971  0.000e+00
 289.386192    116.017    14.2865  45.908298 1.0000e-12     4.2435      0.486    189.515    38.3953  0.000e+00
 289.386195    115.915    14.2921  45.910453 1.0000e-12     4.2475      0.420    189.694    38.3918  0.000e+00
 289.386198    115.848    14.2962  45.910730 1.0000e-12     4.2553      0.393    190.042    38.3880  0.000e+00
 289.386201    115.806    14.2991  45.911982 1.0000e-12     4.2602      0.515    190.260    38.3863  0.000e+00
 289.386204    115.759    14.3009  45.913233 1.0000e-12     4.2642      0.460    190.439    38.3857  0.000e+00
 289.386207    115.692    14.3023  45.913511 1.0000e-12     4.2647      0.380    190.460    38.3846  0.000e+00
 289.386209    115.564    14.3034  45.914136 1.0000e-12     4.2628      0.364    190.377    38.3841  0.000e+00
 289.386212    115.364    14.3044  45.913857 1.0000e-12     4.2644      0.414    190.446    38.3830  0.000e+00
 289.386215    115.129    14.3049  45.913856 1.0000e-12     4.2657      0.429    190.505    38.3826  0.000e+00
 289.386218    114.873    14.3050  45.914133 1.0000e-12     4.2691      0.381    190.660    38.3829  0.000e+00
 289.386221    114.636    14.3053  45.915662 1.0000e-12     4.2690      0.423    190.653    38.3841  0.000e+00
 289.386224    114.442    14.3062  45.923660 1.0000e-12     4.2686      0.515    190.634    38.3908  0.000e+00
 289.386227    114.315    14.3098  45.935693 1.0000e-12     4.2695      0.359    190.675    38.3986  0.000e+00
 289.386230    114.251    14.3171  45.945919 1.0000e-12     4.2699      0.372    190.693    38.4009  0.000e+00
 289.386233    114.237    14.3269  45.961642 1.0000e-12     4.2722      0.484    190.798    38.4059  0.000e+00
 289.386236    114.250    14.3394  45.965676 1.0000e-12     4.2741      0.402    190.879    38.3973  0.000e+00
 289.386238    114.239    14.3496  45.966231 1.0000e-12     4.2782      3.344    191.062    38.3877  0.000e+00
 289.386241    114.174    14.3557  45.969639 1.0000e-12     4.2839      1.127    191.318    38.3848  0.000e+00
 289.386244    114.020    14.3599  45.973048 1.0000e-12     4.2872      0.841    191.465    38.3839  0.000e+00
 289.386247    113.788    14.3638  45.969358 1.0000e-12     4.2886      0.469    191.527    38.3767  0.000e+00
 289.386250    113.501    14.3651  45.970609 1.0000e-12     4.2911      0.429    191.639    38.3767  0.000e+00
 289.386253    113.219    14.3658  45.973392 1.0000e-12     4.2943      0.414    191.785    38.3788  0.000e+00
 289.386256    112.967    14.3673  45.975826 1.0000e-12     4.2969      0.387    191.898    38.3796  0.000e+00
 289.386259    112.787    14.3696  45.981392 1.0000e-12     4.2966      0.393    191.886    38.3827  0.000e+00
 289.386262    112.682    14.3733  45.987237 1.0000e-12     4.2968      0.496    191.894    38.3845  0.000e+00
 289.386264    112.635    14.3786  45.992526 1.0000e-12     4.3032      0.822    192.181    38.3842  0.000e+00
 289.386267    112.613    14.3839  45.994683 1.0000e-12     4.3039      0.496    192.214    38.3809  0.000e+00
 289.386270    112.577    14.3884  45.997745 1.0000e-12     4.3091      0.362    192.445    38.3794  0.000e+00
 289.386273    112.510    14.3924  46.002059 1.0000e-12     4.3091      0.372    192.445    38.3795  0.000e+00
 289.386276    112.383    14.3964  46.005191 1.0000e-12     4.3084      0.704    192.413    38.3785  0.000e+00
 289.386279    112.202    14.4007  46.007974 1.0000e-12     4.3092      0.343    192.447    38.3769  0.000e+00
 289.386282    111.973    14.4044  46.020294 1.0000e-12     4.3061      0.402    192.310    38.3848  0.000e+00
 289.386285    111.731    14.4110  46.028368 1.0000e-12     4.3084      0.425    192.413    38.3860  0.000e+00
 289.386288    111.482    14.4194  46.037627 1.0000e-12     4.3043      0.362    192.228    38.3864  0.000e+00
 289.386291    111.241    14.4282  46.047512 1.0000e-12     4.3080      0.402    192.395    38.3871  0.000e+00
 289.386293    111.029    14.4379  46.053081 1.0000e-12     4.3098      0.364    192.477    38.3827  0.000e+00
 289.386296    110.842    14.4463  46.055865 1.0000e-12     4.3163      0.393    192.764    38.3770  0.000e+00
 289.386299    110.679    14.4526  46.061156 1.0000e-12     4.3226      0.366    193.049    38.3758  0.000e+00
 289.386302    110.536    14.4583  46.071045 1.0000e-12     4.3260      0.387    193.199    38.3795  0.000e+00
 289.386305    110.420    14.4655  46.078496 1.0000e-12     4.3286      0.351    193.316    38.3794  0.000e+00
 289.386308    110.299    14.4738  46.089640 1.0000e-12     4.3275      0.425    193.268    38.3816  0.000e+00
 289.386311    110.154    14.4834  46.106010 1.0000e-12     4.3351      0.334    193.607    38.3874  0.000e+00
 289.386314    109.965    14.4973  46.110048 1.0000e-12     4.3323      0.372    193.481    38.3775  0.000e+00
 289.386317    109.724    14.5090  46.118128 1.0000e-12     4.3446      0.433    194.028    38.3736  0.000e+00
 289.386319    109.456    14.5186  46.136384 1.0000e-12     4.3442      0.469    194.013    38.3812  0.000e+00
 289.386322    109.170    14.5326  46.158406 1.0000e-12     4.3494      0.408    194.244    38.3880  0.000e+00
 289.386325    108.909    14.5512  46.171787 1.0000e-12     4.3600      0.460    194.719    38.3822  0.000e+00
 289.386328    108.675    14.5698  46.187610 1.0000e-12     4.3645      0.439    194.920    38.3786  0.000e+00
 289.386331    108.486    14.5873  46.200018 1.0000e-12     4.3740      0.389    195.341    38.3730  0.000e+00
 289.386334    108.331    14.6033  46.218356 1.0000e-12     4.3792      0.404    195.574    38.3743  0.000e+00
 289.386337    108.207    14.6202  46.229234 1.0000e-12     4.3844      0.380    195.809    38.3678  0.000e+00
 289.386340    108.084    14.6358  46.242624 1.0000e-12     4.3901      0.343    196.063    38.3648  0.000e+00
 289.386343    107.912    14.6496  46.254761 1.0000e-12     4.4002      0.364    196.514    38.3626  0.000e+00
 289.386345    107.702    14.6633  46.254758 1.0000e-12     4.4181      0.359    197.312    38.3491  0.000e+00
