Code_for_CTD/Code/CTD_measurements/CTD7708-20241016-MIR-3.cnv
* Sea-Bird SBE19plus Data File:
* FileName = C:\CTD\CTD7708-20241015-MIR-3.hex
* Software Version 1.59
* Temperature SN =  7708
* Conductivity SN =  7708
* System UpLoad Time = Oct 16 2024 08:32:29
* ds
* SBE 19plus V 3.1.8  SERIAL NO. 7708    16 Oct 2024 08:33:15
# nquan = 10
# nvalues = 1929                                  
# units = specified
# name 0 = timeJ: Julian Days
# name 1 = prdM: Pressure, Strain Gauge [db]
# name 2 = tv290C: Temperature [ITS-90, deg C]
# name 3 = c0mS/cm: Conductivity [mS/cm]
# name 4 = par: PAR/Irradiance, Biospherical/Licor
# name 5 = sbeox0ML/L: Oxygen, SBE 43 [ml/l]
# name 6 = seaTurbMtr: Turbidity, Seapoint [FTU]
# name 7 = sbeox0Mm/L: Oxygen, SBE 43 [umol/l]
# name 8 = sal00: Salinity, Practical [PSU]
# name 9 = flag:  0.000e+00
# span 0 = 290.346933, 290.352512                 
# span 1 =     -0.068,     87.635                 
# span 2 =    16.1804,    20.1594                 
# span 3 =   0.002190,  52.080590                 
# span 4 = 1.0000e-12, 1.0919e+02                 
# span 5 =     3.6841,     5.6841                 
# span 6 =      0.004,    119.938                 
# span 7 =    164.533,    253.850                 
# span 8 =     0.0102,    38.4890                 
# span 9 = 0.0000e+00, 0.0000e+00                 
# interval = seconds: 0.25
# start_time = Oct 16 2024 08:19:35 [Instrument's time stamp, header]
# bad_flag = -9.990e-29
*END*
[from data line 289]
 290.347769      6.499    20.1425  52.054915 1.2683e+01     4.7155      1.110    210.596    38.2840  0.000e+00
 290.347772      6.540    20.1426  52.052862 1.2584e+01     4.7110      1.202    210.394    38.2822  0.000e+00
 290.347775      6.560    20.1419  52.051468 1.2555e+01     4.7073      1.127    210.230    38.2817  0.000e+00
 290.347778      6.573    20.1408  52.051835 1.2561e+01     4.6989      1.043    209.855    38.2830  0.000e+00
 290.347781      6.593    20.1401  52.051836 1.2577e+01     4.6983      1.091    209.826    38.2836  0.000e+00
 290.347784      6.627    20.1396  52.051836 1.2618e+01     4.6928      1.196    209.580    38.2841  0.000e+00
 290.347786      6.674    20.1394  52.051469 1.2618e+01     4.6939      1.127    209.630    38.2839  0.000e+00
 290.347789      6.716    20.1390  52.051836 1.2653e+01     4.6962      1.160    209.733    38.2846  0.000e+00
 290.347792      6.749    20.1390  52.052497 1.2671e+01     4.7008      1.005    209.939    38.2851  0.000e+00
 290.347795      6.749    20.1391  52.052497 1.2719e+01     4.7065      1.047    210.193    38.2850  0.000e+00
 290.347798      6.727    20.1396  52.052863 1.2810e+01     4.7139      1.019    210.524    38.2849  0.000e+00
 290.347801      6.689    20.1397  52.053230 1.2907e+01     4.7170      1.043    210.663    38.2851  0.000e+00
 290.347804      6.631    20.1402  52.053229 1.3023e+01     4.7184      1.013    210.722    38.2847  0.000e+00
 290.347807      6.572    20.1402  52.052862 1.3115e+01     4.7175      1.202    210.683    38.2844  0.000e+00
 290.347810      6.514    20.1404  52.053522 1.3220e+01     4.7106      1.097    210.376    38.2848  0.000e+00
 290.347812      6.460    20.1404  52.053522 1.3316e+01     4.7075      1.122    210.236    38.2848  0.000e+00
 290.347815      6.409    20.1408  52.053155 1.3410e+01     4.7025      1.110    210.013    38.2842  0.000e+00
 290.347818      6.357    20.1408  52.052494 1.3510e+01     4.7022      1.152    210.000    38.2836  0.000e+00
 290.347821      6.312    20.1403  52.052861 1.3559e+01     4.6981      1.148    209.818    38.2844  0.000e+00
 290.347824      6.270    20.1403  52.053227 1.3569e+01     4.6961      1.055    209.729    38.2847  0.000e+00
 290.347827      6.248    20.1404  52.053521 1.3578e+01     4.6991      1.123    209.861    38.2849  0.000e+00
 290.347830      6.245    20.1408  52.054254 1.3505e+01     4.6974      1.083    209.787    38.2851  0.000e+00
 290.347833      6.270    20.1413  52.054914 1.3420e+01     4.7018      1.049    209.982    38.2852  0.000e+00
 290.347836      6.317    20.1417  52.054621 1.3301e+01     4.7037      1.091    210.068    38.2846  0.000e+00
 290.347839      6.386    20.1420  52.054621 1.3212e+01     4.7048      1.146    210.115    38.2842  0.000e+00
 290.347841      6.451    20.1420  52.054622 1.3196e+01     4.7079      1.108    210.255    38.2842  0.000e+00
 290.347844      6.518    20.1420  52.054915 1.3155e+01     4.7045      1.110    210.104    38.2845  0.000e+00
 290.347847      6.571    20.1420  52.054256 1.3162e+01     4.7077      1.097    210.246    38.2839  0.000e+00
 290.347850      6.618    20.1420  52.054623 1.3193e+01     4.7066      1.017    210.197    38.2842  0.000e+00
 290.347853      6.661    20.1418  52.055283 1.3179e+01     4.7061      1.097    210.176    38.2849  0.000e+00
 290.347856      6.703    20.1420  52.055943 1.3141e+01     4.7083      0.982    210.272    38.2853  0.000e+00
 290.347859      6.743    20.1425  52.056823 1.3150e+01     4.7090      1.068    210.303    38.2855  0.000e+00
 290.347862      6.761    20.1432  52.057704 1.3158e+01     4.7106      0.988    210.376    38.2856  0.000e+00
 290.347865      6.759    20.1441  52.058070 1.3201e+01     4.7125      1.061    210.461    38.2851  0.000e+00
 290.347867      6.712    20.1445  52.058070 1.3308e+01     4.7125      1.043    210.461    38.2847  0.000e+00
 290.347870      6.625    20.1450  52.057703 1.3461e+01     4.7122      0.963    210.449    38.2840  0.000e+00
 290.347873      6.499    20.1452  52.057702 1.3605e+01     4.7118      1.036    210.430    38.2839  0.000e+00
 290.347876      6.357    20.1450  52.057335 1.3789e+01     4.7103      0.986    210.363    38.2838  0.000e+00
 290.347879      6.229    20.1452  52.057334 1.3957e+01     4.7063      1.062    210.182    38.2837  0.000e+00
 290.347882      6.136    20.1451  52.057333 1.4091e+01     4.7051      1.341    210.132    38.2838  0.000e+00
 290.347885      6.097    20.1451  52.057040 1.4168e+01     4.7037      1.141    210.068    38.2836  0.000e+00
 290.347888      6.115    20.1448  52.057040 1.4099e+01     4.7019      1.087    209.987    38.2838  0.000e+00
 290.347891      6.193    20.1447  52.057334 1.3989e+01     4.7008      1.146    209.937    38.2841  0.000e+00
 290.347894      6.327    20.1449  52.057334 1.3806e+01     4.7044      1.104    210.100    38.2839  0.000e+00
 290.347896      6.461    20.1448  52.057042 1.3630e+01     4.7063      1.066    210.185    38.2837  0.000e+00
 290.347899      6.596    20.1449  52.057336 1.3483e+01     4.7119      1.169    210.435    38.2838  0.000e+00
 290.347902      6.689    20.1450  52.057336 1.3342e+01     4.7130      1.080    210.484    38.2837  0.000e+00
 290.347905      6.736    20.1449  52.057336 1.3260e+01     4.7106      1.085    210.374    38.2837  0.000e+00
 290.347908      6.734    20.1447  52.056676 1.3229e+01     4.7080      1.022    210.260    38.2834  0.000e+00
 290.347911      6.685    20.1443  52.056676 1.3246e+01     4.7047      0.992    210.113    38.2837  0.000e+00
 290.347914      6.607    20.1442  52.056676 1.3316e+01     4.7033      1.007    210.049    38.2839  0.000e+00
 290.347917      6.527    20.1442  52.056309 1.3366e+01     4.6995      1.080    209.879    38.2836  0.000e+00
 290.347920      6.464    20.1439  52.056308 1.3439e+01     4.7032      1.013    210.046    38.2839  0.000e+00
 290.347922      6.420    20.1440  52.056308 1.3547e+01     4.7030      1.225    210.034    38.2839  0.000e+00
 290.347925      6.399    20.1437  52.055501 1.3645e+01     4.7051      1.154    210.128    38.2834  0.000e+00
 290.347928      6.391    20.1435  52.055281 1.3731e+01     4.7055      1.097    210.148    38.2834  0.000e+00
 290.347931      6.391    20.1432  52.057042 1.3811e+01     4.7058      1.005    210.162    38.2851  0.000e+00
 290.347934      6.391    20.1435  52.057335 1.3836e+01     4.7074      1.102    210.232    38.2851  0.000e+00
 290.347937      6.401    20.1442  52.057335 1.3796e+01     4.7077      1.019    210.247    38.2845  0.000e+00
 290.347940      6.426    20.1444  52.057702 1.3689e+01     4.7089      1.038    210.300    38.2846  0.000e+00
 290.347943      6.460    20.1448  52.058069 1.3628e+01     4.7074      1.202    210.234    38.2845  0.000e+00
 290.347946      6.497    20.1453  52.058729 1.3605e+01     4.7112      1.041    210.402    38.2847  0.000e+00
 290.347948      6.516    20.1456  52.059462 1.3561e+01     4.7073      0.982    210.227    38.2849  0.000e+00
 290.347951      6.502    20.1462  52.059095 1.3527e+01     4.7051      0.996    210.131    38.2841  0.000e+00
 290.347954      6.466    20.1464  52.059095 1.3468e+01     4.7023      1.013    210.004    38.2840  0.000e+00
 290.347957      6.420    20.1465  52.059095 1.3412e+01     4.7020      1.268    209.990    38.2839  0.000e+00
 290.347960      6.391    20.1465  52.059095 1.3287e+01     4.7024      1.074    210.010    38.2839  0.000e+00
 290.347963      6.424    20.1466  52.059095 1.3248e+01     4.6985      1.036    209.837    38.2837  0.000e+00
 290.347966      6.497    20.1467  52.059095 1.3174e+01     4.6986      1.158    209.839    38.2836  0.000e+00
 290.347969      6.625    20.1467  52.059463 1.3160e+01     4.7000      1.127    209.902    38.2839  0.000e+00
 290.347972      6.752    20.1467  52.059463 1.3165e+01     4.7001      1.196    209.905    38.2838  0.000e+00
 290.347975      6.846    20.1469  52.059464 1.3177e+01     4.7033      1.011    210.049    38.2836  0.000e+00
 290.347977      6.889    20.1470  52.059464 1.3191e+01     4.7051      1.026    210.130    38.2835  0.000e+00
 290.347980      6.869    20.1468  52.059464 1.3177e+01     4.7082      1.108    210.268    38.2837  0.000e+00
 290.347983      6.802    20.1470  52.059464 1.3170e+01     4.7127      1.007    210.471    38.2836  0.000e+00
 290.347986      6.701    20.1471  52.059463 1.3103e+01     4.7128      0.969    210.475    38.2835  0.000e+00
 290.347989      6.577    20.1468  52.059096 1.3139e+01     4.7114      0.988    210.413    38.2835  0.000e+00
 290.347992      6.443    20.1468  52.059462 1.3170e+01     4.7077      0.992    210.248    38.2839  0.000e+00
 290.347995      6.297    20.1468  52.059094 1.3280e+01     4.7060      0.992    210.169    38.2836  0.000e+00
 290.347998      6.166    20.1468  52.058727 1.3383e+01     4.7051      1.146    210.130    38.2834  0.000e+00
 290.348001      6.054    20.1468  52.058726 1.3522e+01     4.7088      1.080    210.295    38.2834  0.000e+00
 290.348003      5.998    20.1467  52.058726 1.3601e+01     4.7087      1.055    210.293    38.2835  0.000e+00
 290.348006      6.007    20.1466  52.058726 1.3672e+01     4.7135      1.152    210.505    38.2836  0.000e+00
 290.348009      6.089    20.1466  52.058727 1.3605e+01     4.7102      1.141    210.358    38.2836  0.000e+00
 290.348012      6.251    20.1465  52.059094 1.3502e+01     4.7126      1.104    210.464    38.2840  0.000e+00
 290.348015      6.473    20.1466  52.059095 1.3270e+01     4.7082      1.221    210.268    38.2838  0.000e+00
 290.348018      6.737    20.1466  52.058436 1.2966e+01     4.7051      1.188    210.132    38.2831  0.000e+00
 290.348021      7.001    20.1465  52.059098 1.2644e+01     4.7005      1.230    209.923    38.2837  0.000e+00
 290.348024      7.224    20.1464  52.058732 1.2369e+01     4.7032      1.152    210.045    38.2834  0.000e+00
 290.348027      7.362    20.1462  52.058733 1.2121e+01     4.7057      1.072    210.155    38.2835  0.000e+00
 290.348030      7.382    20.1459  52.059467 1.2039e+01     4.7046      1.049    210.106    38.2843  0.000e+00
 290.348032      7.253    20.1462  52.059466 1.2156e+01     4.7085      1.183    210.280    38.2841  0.000e+00
 290.348035      6.998    20.1465  52.059098 1.2446e+01     4.7037      0.988    210.066    38.2837  0.000e+00
 290.348038      6.646    20.1466  52.059463 1.2940e+01     4.7043      2.657    210.095    38.2840  0.000e+00
 290.348041      6.279    20.1466  52.058801 1.3596e+01     4.7027      1.793    210.023    38.2835  0.000e+00
 290.348044      5.958    20.1466  52.058066 1.4244e+01     4.7038      1.240    210.073    38.2831  0.000e+00
 290.348047      5.761    20.1465  52.057698 1.4694e+01     4.7055      3.683    210.150    38.2830  0.000e+00
 290.348050      5.708    20.1461  52.057698 1.4742e+01     4.7081      1.362    210.262    38.2834  0.000e+00
 290.348053      5.792    20.1459  52.057698 1.4441e+01     4.7096      1.127    210.332    38.2835  0.000e+00
 290.348056      6.006    20.1457  52.057699 1.3896e+01     4.7164      1.129    210.633    38.2836  0.000e+00
 290.348058      6.286    20.1455  52.057334 1.3289e+01     4.7176      1.165    210.688    38.2833  0.000e+00
 290.348061      6.565    20.1455  52.057336 1.2699e+01     4.7163      1.158    210.629    38.2832  0.000e+00
 290.348064      6.775    20.1450  52.055650 1.2182e+01     4.7182      1.305    210.715    38.2822  0.000e+00
 290.348067      6.917    20.1443  52.053890 1.1729e+01     4.7154      1.068    210.589    38.2813  0.000e+00
 290.348070      6.962    20.1431  52.053524 1.1434e+01     4.7170      1.055    210.659    38.2822  0.000e+00
 290.348073      6.904    20.1418  52.051470 1.1326e+01     4.7127      1.013    210.468    38.2817  0.000e+00
 290.348076      6.772    20.1405  52.052863 1.1465e+01     4.7112      1.066    210.402    38.2840  0.000e+00
 290.348079      6.600    20.1400  52.052496 1.1791e+01     4.7043      0.988    210.096    38.2842  0.000e+00
 290.348082      6.428    20.1399  52.052495 1.2196e+01     4.7016      1.013    209.973    38.2844  0.000e+00
 290.348084      6.299    20.1401  52.053228 1.2580e+01     4.6954      1.190    209.695    38.2849  0.000e+00
 290.348087      6.234    20.1403  52.053887 1.2849e+01     4.6875      1.118    209.345    38.2853  0.000e+00
 290.348090      6.230    20.1406  52.053887 1.2893e+01     4.6856      0.992    209.258    38.2850  0.000e+00
 290.348093      6.281    20.1411  52.054254 1.2824e+01     4.6826      1.083    209.127    38.2848  0.000e+00
 290.348096      6.382    20.1413  52.054915 1.2614e+01     4.6846      1.087    209.216    38.2851  0.000e+00
 290.348099      6.502    20.1420  52.055282 1.2313e+01     4.6896      1.165    209.439    38.2848  0.000e+00
 290.348102      6.619    20.1421  52.054916 1.1972e+01     4.6986      1.043    209.837    38.2843  0.000e+00
 290.348105      6.705    20.1423  52.052863 1.1606e+01     4.7041      1.041    210.085    38.2824  0.000e+00
 290.348108      6.753    20.1415  52.050809 1.1322e+01     4.7125      1.274    210.459    38.2814  0.000e+00
 290.348111      6.766    20.1401  52.049783 1.1145e+01     4.7173      1.091    210.673    38.2818  0.000e+00
 290.348113      6.739    20.1387  52.048683 1.1076e+01     4.7209      1.030    210.835    38.2822  0.000e+00
 290.348116      6.670    20.1377  52.048683 1.1179e+01     4.7171      1.019    210.664    38.2831  0.000e+00
 290.348119      6.569    20.1365  52.048022 1.1397e+01     4.7156      0.971    210.598    38.2837  0.000e+00
 290.348122      6.457    20.1361  52.047655 1.1703e+01     4.7108      1.080    210.384    38.2839  0.000e+00
 290.348125      6.353    20.1356  52.047655 1.1915e+01     4.7041      0.992    210.085    38.2843  0.000e+00
 290.348128      6.294    20.1351  52.047654 1.2005e+01     4.7013      0.996    209.962    38.2848  0.000e+00
 290.348131      6.277    20.1350  52.047654 1.1970e+01     4.7004      1.013    209.920    38.2849  0.000e+00
 290.348134      6.306    20.1349  52.047654 1.1821e+01     4.7022      1.049    210.000    38.2850  0.000e+00
 290.348137      6.373    20.1349  52.047288 1.1652e+01     4.7019      1.160    209.987    38.2847  0.000e+00
 290.348139      6.453    20.1350  52.047288 1.1459e+01     4.7032      1.114    210.045    38.2846  0.000e+00
 290.348142      6.536    20.1348  52.047289 1.1275e+01     4.7053      1.066    210.138    38.2847  0.000e+00
 290.348145      6.605    20.1349  52.047656 1.1145e+01     4.7090      1.083    210.305    38.2849  0.000e+00
 290.348148      6.650    20.1348  52.047656 1.1094e+01     4.7087      1.041    210.290    38.2850  0.000e+00
 290.348151      6.667    20.1349  52.048023 1.1096e+01     4.7106      1.032    210.376    38.2852  0.000e+00
 290.348154      6.659    20.1351  52.048023 1.1128e+01     4.7094      0.971    210.320    38.2850  0.000e+00
 290.348157      6.636    20.1351  52.048389 1.1224e+01     4.7108      0.988    210.386    38.2853  0.000e+00
 290.348160      6.592    20.1355  52.048389 1.1384e+01     4.7122      1.024    210.447    38.2849  0.000e+00
 290.348163      6.556    20.1354  52.048536 1.1635e+01     4.7100      1.066    210.349    38.2852  0.000e+00
 290.348166      6.542    20.1358  52.048682 1.1892e+01     4.7083      1.097    210.274    38.2849  0.000e+00
 290.348168      6.563    20.1359  52.049049 1.2037e+01     4.7086      1.152    210.286    38.2852  0.000e+00
 290.348171      6.623    20.1359  52.049049 1.2096e+01     4.7110      1.205    210.395    38.2851  0.000e+00
 290.348174      6.725    20.1361  52.049417 1.2015e+01     4.7091      1.152    210.308    38.2852  0.000e+00
 290.348177      6.835    20.1361  52.049417 1.1872e+01     4.7099      1.057    210.345    38.2852  0.000e+00
 290.348180      6.926    20.1364  52.049784 1.1665e+01     4.7105      1.047    210.370    38.2851  0.000e+00
