Code_for_CTD/Code/CTD_measurements/CTD7708-20241018-MIR-5.cnv
* Sea-Bird SBE19plus Data File:
* FileName = C:\CTD\CTD7708-20241018-MIR-5.hex
* Software Version 1.59
* Temperature SN =  7708
* Conductivity SN =  7708
* System UpLoad Time = Oct 18 2024 09:07:27
* ds
* SBE 19plus V 3.1.8  SERIAL NO. 7708    18 Oct 2024 09:08:18
# nquan = 10
# nvalues = 3065                                  
# units = specified
# name 0 = timeJ: Julian Days
# name 1 = prdM: Pressure, Strain Gauge [db]
# name 2 = tv290C: Temperature [ITS-90, deg C]
# name 3 = c0mS/cm: Conductivity [mS/cm]
# name 4 = par: PAR/Irradiance, Biospherical/Licor
# name 5 = sbeox0ML/L: Oxygen, SBE 43 [ml/l]
# name 6 = seaTurbMtr: Turbidity, Seapoint [FTU]
# name 7 = sbeox0Mm/L: Oxygen, SBE 43 [umol/l]
# name 8 = sal00: Salinity, Practical [PSU]
# name 9 = flag:  0.000e+00
# span 0 = 292.363519, 292.372384                 
# span 1 =     -0.039,    207.619                 
# span 2 =    13.8982,    20.3431                 
# span 3 =   0.136497,  52.299867                 
# span 4 = 1.0000e-12, 4.8984e+02                 
# span 5 =     3.7566,     5.9000                 
# span 6 =      0.000,    111.351                 
# span 7 =    167.771,    263.494                 
# span 8 =     0.0770,    39.5037                 
# span 9 = 0.0000e+00, 0.0000e+00                 
# interval = seconds: 0.25
# start_time = Oct 18 2024 08:43:28 [Instrument's time stamp, header]
# bad_flag = -9.990e-29
*END*
[from data line 2739]
 292.371444     53.194    20.2946  52.256407 5.8350e-01     4.6664      0.792    208.401    38.2943  0.000e+00
 292.371447     53.147    20.2966  52.258537 5.8592e-01     4.6640      0.771    208.293    38.2943  0.000e+00
 292.371450     53.107    20.2985  52.258830 5.8419e-01     4.6661      0.803    208.387    38.2928  0.000e+00
 292.371453     53.053    20.2994  52.255744 5.8454e-01     4.6706      0.872    208.590    38.2895  0.000e+00
 292.371455     52.982    20.2994  52.256111 5.8852e-01     4.6677      0.776    208.458    38.2898  0.000e+00
 292.371458     52.904    20.2989  52.259564 5.9113e-01     4.6695      0.799    208.540    38.2932  0.000e+00
 292.371461     52.834    20.2994  52.258828 5.9531e-01     4.6694      0.877    208.534    38.2921  0.000e+00
 292.371464     52.789    20.3002  52.256110 5.9846e-01     4.6695      0.805    208.541    38.2892  0.000e+00
 292.371467     52.752    20.2994  52.255742 6.0145e-01     4.6680      0.750    208.473    38.2896  0.000e+00
 292.371470     52.713    20.2986  52.255375 6.0444e-01     4.6678      0.834    208.464    38.2900  0.000e+00
 292.371473     52.651    20.2981  52.253979 6.0886e-01     4.6648      0.799    208.328    38.2893  0.000e+00
 292.371476     52.533    20.2975  52.258827 6.1704e-01     4.6612      0.797    208.167    38.2940  0.000e+00
 292.371479     52.356    20.2989  52.258900 6.2853e-01     4.6617      0.803    208.191    38.2928  0.000e+00
 292.371481     52.120    20.3001  52.258531 6.4399e-01     4.6589      0.853    208.067    38.2915  0.000e+00
 292.371484     51.848    20.3005  52.257427 6.6286e-01     4.6597      0.944    208.102    38.2904  0.000e+00
 292.371487     51.553    20.3005  52.257132 6.8568e-01     4.6590      1.488    208.073    38.2902  0.000e+00
 292.371490     51.245    20.3002  52.256396 7.1035e-01     4.6603      0.866    208.127    38.2900  0.000e+00
 292.371493     50.946    20.2996  52.257423 7.3101e-01     4.6556      0.793    207.919    38.2915  0.000e+00
 292.371496     50.666    20.2998  52.258524 7.5489e-01     4.6573      0.774    207.995    38.2923  0.000e+00
 292.371499     50.410    20.3002  52.261608 7.7555e-01     4.6554      0.755    207.911    38.2947  0.000e+00
 292.371502     50.196    20.3015  52.268587 7.9343e-01     4.6575      0.877    208.006    38.2993  0.000e+00
 292.371505     50.012    20.3046  52.270643 8.1351e-01     4.6553      0.834    207.907    38.2982  0.000e+00
 292.371508     49.874    20.3077  52.271009 8.2507e-01     4.6614      0.765    208.177    38.2958  0.000e+00
 292.371510     49.735    20.3101  52.271743 8.3978e-01     4.6632      0.769    208.258    38.2943  0.000e+00
 292.371513     49.583    20.3114  52.272623 8.5621e-01     4.6673      0.765    208.442    38.2939  0.000e+00
 292.371516     49.405    20.3125  52.278648 8.7667e-01     4.6711      0.847    208.610    38.2979  0.000e+00
 292.371519     49.202    20.3147  52.284231 8.9700e-01     4.6730      0.938    208.698    38.3006  0.000e+00
 292.371522     48.977    20.3184  52.285258 9.2346e-01     4.6738      0.828    208.732    38.2982  0.000e+00
 292.371525     48.762    20.3214  52.285624 9.4312e-01     4.6748      0.830    208.775    38.2959  0.000e+00
 292.371528     48.554    20.3232  52.283859 9.6332e-01     4.6759      0.835    208.825    38.2928  0.000e+00
 292.371531     48.369    20.3242  52.285989 9.8139e-01     4.6736      1.038    208.722    38.2937  0.000e+00
 292.371534     48.190    20.3249  52.286649 9.9529e-01     4.6726      0.946    208.678    38.2937  0.000e+00
 292.371536     48.030    20.3260  52.287383 1.0113e+00     4.6722      1.213    208.661    38.2934  0.000e+00
 292.371539     47.863    20.3267  52.285251 1.0250e+00     4.6718      0.835    208.642    38.2910  0.000e+00
 292.371542     47.700    20.3267  52.286352 1.0396e+00     4.6659      0.792    208.379    38.2920  0.000e+00
 292.371545     47.544    20.3266  52.286352 1.0510e+00     4.6612      0.809    208.167    38.2921  0.000e+00
 292.371548     47.410    20.3269  52.286351 1.0641e+00     4.6568      0.797    207.973    38.2919  0.000e+00
 292.371551     47.322    20.3270  52.285616 1.0700e+00     4.6583      0.828    208.039    38.2913  0.000e+00
 292.371554     47.260    20.3269  52.287379 1.0739e+00     4.6569      0.809    207.976    38.2928  0.000e+00
 292.371557     47.236    20.3271  52.290465 1.0754e+00     4.6549      0.719    207.888    38.2952  0.000e+00
 292.371560     47.235    20.3285  52.288775 1.0764e+00     4.6580      0.746    208.025    38.2926  0.000e+00
 292.371562     47.235    20.3289  52.290465 1.0775e+00     4.6600      0.776    208.114    38.2936  0.000e+00
 292.371565     47.204    20.3292  52.289069 1.0796e+00     4.6617      0.811    208.189    38.2922  0.000e+00
 292.371568     47.122    20.3291  52.284953 1.0871e+00     4.6639      0.877    208.288    38.2890  0.000e+00
 292.371571     46.965    20.3279  52.287377 1.1015e+00     4.6656      0.816    208.366    38.2920  0.000e+00
 292.371574     46.758    20.3278  52.287670 1.1201e+00     4.6654      0.786    208.357    38.2925  0.000e+00
 292.371577     46.523    20.3279  52.285979 1.1403e+00     4.6715      1.080    208.628    38.2910  0.000e+00
 292.371580     46.266    20.3281  52.286345 1.1659e+00     4.6677      0.855    208.459    38.2913  0.000e+00
 292.371583     45.992    20.3279  52.284948 1.1948e+00     4.6666      0.870    208.412    38.2905  0.000e+00
 292.371586     45.675    20.3276  52.285240 1.2253e+00     4.6636      0.797    208.275    38.2911  0.000e+00
 292.371589     45.329    20.3277  52.284577 1.2652e+00     4.6603      0.889    208.129    38.2906  0.000e+00
 292.371591     44.943    20.3274  52.284207 1.3120e+00     4.6597      0.750    208.101    38.2907  0.000e+00
 292.371594     44.523    20.3271  52.282148 1.3623e+00     4.6537      0.816    207.834    38.2894  0.000e+00
 292.371597     44.095    20.3263  52.283175 1.4196e+00     4.6541      0.824    207.850    38.2912  0.000e+00
 292.371600     43.693    20.3259  52.284936 1.4816e+00     4.6522      0.874    207.766    38.2931  0.000e+00
 292.371603     43.349    20.3266  52.284935 1.5356e+00     4.6556      0.855    207.919    38.2927  0.000e+00
 292.371606     43.090    20.3271  52.286623 1.5806e+00     4.6545      0.830    207.871    38.2937  0.000e+00
 292.371609     42.929    20.3281  52.290444 1.6133e+00     4.6583      0.895    208.038    38.2959  0.000e+00
 292.371612     42.838    20.3303  52.290443 1.6303e+00     4.6601      0.858    208.121    38.2940  0.000e+00
 292.371615     42.815    20.3319  52.289046 1.6414e+00     4.6641      0.999    208.299    38.2914  0.000e+00
 292.371617     42.811    20.3325  52.288017 1.6425e+00     4.6655      1.953    208.360    38.2900  0.000e+00
 292.371620     42.786    20.3323  52.285225 1.6507e+00     4.6701      0.921    208.566    38.2879  0.000e+00
 292.371623     42.714    20.3312  52.284196 1.6587e+00     4.6712      0.786    208.617    38.2881  0.000e+00
 292.371626     42.583    20.3304  52.284563 1.6816e+00     4.6771      0.950    208.879    38.2891  0.000e+00
 292.371629     42.413    20.3302  52.283827 1.7051e+00     4.6766      0.822    208.859    38.2888  0.000e+00
 292.371632     42.224    20.3300  52.283532 1.7364e+00     4.6753      0.774    208.798    38.2888  0.000e+00
 292.371635     42.047    20.3296  52.282796 1.7605e+00     4.6681      0.835    208.477    38.2886  0.000e+00
 292.371638     41.917    20.3291  52.282649 1.7819e+00     4.6661      0.919    208.387    38.2890  0.000e+00
 292.371641     41.831    20.3287  52.281105 1.7953e+00     4.6629      0.891    208.247    38.2882  0.000e+00
 292.371644     41.785    20.3280  52.283530 1.8015e+00     4.6584      0.822    208.046    38.2908  0.000e+00
 292.371646     41.755    20.3282  52.283163 1.8054e+00     4.6565      0.774    207.957    38.2903  0.000e+00
 292.371649     41.706    20.3288  52.280737 1.8089e+00     4.6553      0.910    207.905    38.2878  0.000e+00
 292.371652     41.598    20.3286  52.278606 1.8241e+00     4.6584      0.872    208.043    38.2863  0.000e+00
 292.371655     41.399    20.3273  52.278972 1.8591e+00     4.6586      0.799    208.051    38.2878  0.000e+00
 292.371658     41.123    20.3267  52.278604 1.9011e+00     4.6585      0.877    208.048    38.2881  0.000e+00
 292.371661     40.788    20.3264  52.277573 1.9588e+00     4.6587      0.908    208.057    38.2877  0.000e+00
 292.371664     40.422    20.3259  52.275808 2.0231e+00     4.6583      2.047    208.038    38.2868  0.000e+00
 292.371667     40.053    20.3254  52.275806 2.0847e+00     4.6581      1.232    208.030    38.2874  0.000e+00
 292.371670     39.701    20.3251  52.275584 2.1483e+00     4.6548      0.864    207.881    38.2877  0.000e+00
 292.371672     39.401    20.3246  52.275803 2.2086e+00     4.6528      0.895    207.793    38.2884  0.000e+00
 292.371675     39.163    20.3244  52.276537 2.2622e+00     4.6542      1.625    207.855    38.2893  0.000e+00
 292.371678     38.975    20.3249  52.277932 2.3147e+00     4.6514      1.244    207.733    38.2901  0.000e+00
 292.371681     38.812    20.3257  52.279695 2.3516e+00     4.6516      0.822    207.740    38.2908  0.000e+00
 292.371684     38.674    20.3266  52.280355 2.3842e+00     4.6521      0.786    207.761    38.2907  0.000e+00
 292.371687     38.535    20.3275  52.278591 2.4073e+00     4.6509      0.822    207.711    38.2884  0.000e+00
 292.371690     38.390    20.3279  52.277929 2.4335e+00     4.6545      0.755    207.869    38.2876  0.000e+00
 292.371693     38.234    20.3274  52.277193 2.4620e+00     4.6597      1.202    208.103    38.2875  0.000e+00
 292.371696     38.062    20.3273  52.277192 2.4949e+00     4.6628      1.068    208.239    38.2876  0.000e+00
 292.371698     37.869    20.3270  52.277191 2.5322e+00     4.6628      0.811    208.243    38.2880  0.000e+00
 292.371701     37.648    20.3270  52.276896 2.5727e+00     4.6665      0.927    208.406    38.2878  0.000e+00
 292.371704     37.401    20.3271  52.276528 2.6222e+00     4.6653      0.921    208.354    38.2875  0.000e+00
 292.371707     37.137    20.3270  52.276159 2.6757e+00     4.6653      0.860    208.352    38.2874  0.000e+00
 292.371710     36.847    20.3271  52.275496 2.7517e+00     4.6664      0.986    208.399    38.2869  0.000e+00
 292.371713     36.570    20.3267  52.274466 2.8268e+00     4.6644      0.849    208.311    38.2865  0.000e+00
 292.371716     36.311    20.3263  52.273363 2.8978e+00     4.6655      0.788    208.362    38.2861  0.000e+00
 292.371719     36.113    20.3256  52.275493 2.9640e+00     4.6694      0.809    208.534    38.2885  0.000e+00
 292.371722     35.963    20.3260  52.275786 3.0074e+00     4.6687      0.870    208.505    38.2885  0.000e+00
 292.371725     35.869    20.3267  52.276153 3.0326e+00     4.6746      0.811    208.769    38.2881  0.000e+00
 292.371727     35.820    20.3273  52.279312 3.0501e+00     4.6752      0.870    208.793    38.2902  0.000e+00
 292.371730     35.804    20.3281  52.279312 3.0647e+00     4.6757      0.834    208.815    38.2895  0.000e+00
 292.371733     35.791    20.3291  52.278209 3.0799e+00     4.6762      0.799    208.840    38.2877  0.000e+00
 292.371736     35.773    20.3294  52.275784 3.0940e+00     4.6709      0.811    208.603    38.2854  0.000e+00
 292.371739     35.740    20.3285  52.274462 3.1100e+00     4.6674      0.864    208.448    38.2852  0.000e+00
 292.371742     35.666    20.3274  52.276519 3.1236e+00     4.6617      0.818    208.194    38.2879  0.000e+00
 292.371745     35.550    20.3274  52.275783 3.1391e+00     4.6591      0.786    208.074    38.2873  0.000e+00
 292.371748     35.391    20.3275  52.274754 3.1666e+00     4.6566      0.750    207.964    38.2865  0.000e+00
 292.371751     35.192    20.3271  52.274459 3.2145e+00     4.6537      0.841    207.832    38.2866  0.000e+00
 292.371753     34.938    20.3269  52.273356 3.2663e+00     4.6560      0.799    207.938    38.2860  0.000e+00
 292.371756     34.655    20.3266  52.273354 3.3195e+00     4.6546      1.083    207.872    38.2864  0.000e+00
 292.371759     34.333    20.3263  52.273059 3.3761e+00     4.6576      0.847    208.008    38.2866  0.000e+00
 292.371762     33.998    20.3260  52.272690 3.4592e+00     4.6627      0.883    208.235    38.2867  0.000e+00
 292.371765     33.645    20.3258  52.270557 3.5525e+00     4.6644      0.914    208.314    38.2852  0.000e+00
 292.371768     33.297    20.3254  52.268498 3.6773e+00     4.6629      0.938    208.243    38.2841  0.000e+00
 292.371771     32.947    20.3244  52.267835 3.8127e+00     4.6651      0.940    208.341    38.2845  0.000e+00
 292.371774     32.609    20.3242  52.267466 3.9780e+00     4.6623      0.889    208.220    38.2845  0.000e+00
 292.371777     32.283    20.3238  52.266069 4.1536e+00     4.6601      0.853    208.120    38.2839  0.000e+00
 292.371780     31.984    20.3239  52.265039 4.3223e+00     4.6623      1.055    208.219    38.2830  0.000e+00
 292.371782     31.707    20.3237  52.264302 4.4714e+00     4.6614      1.493    208.180    38.2827  0.000e+00
 292.371785     31.468    20.3232  52.263640 4.5891e+00     4.6635      1.154    208.274    38.2827  0.000e+00
 292.371788     31.281    20.3234  52.265696 4.6589e+00     4.6671      1.019    208.431    38.2843  0.000e+00
 292.371791     31.174    20.3241  52.265328 4.6571e+00     4.6651      0.908    208.345    38.2834  0.000e+00
 292.371794     31.143    20.3247  52.266724 4.6181e+00     4.6668      0.946    208.420    38.2840  0.000e+00
 292.371797     31.185    20.3256  52.264667 4.5533e+00     4.6650      1.097    208.341    38.2814  0.000e+00
 292.371800     31.252    20.3258  52.260847 4.4680e+00     4.6646      1.104    208.321    38.2781  0.000e+00
 292.371803     31.290    20.3256  52.258128 4.4000e+00     4.6607      0.914    208.147    38.2760  0.000e+00
 292.371806     31.274    20.3246  52.258716 4.3782e+00     4.6590      0.849    208.071    38.2774  0.000e+00
 292.371808     31.164    20.3239  52.256291 4.4254e+00     4.6532      0.843    207.813    38.2761  0.000e+00
 292.371811     30.946    20.3229  52.257025 4.5412e+00     4.6557      0.895    207.925    38.2777  0.000e+00
 292.371814     30.660    20.3221  52.212877 4.7080e+00     4.6574      1.013    208.000    38.2421  0.000e+00
 292.371817     30.349    20.3216  52.206266 4.9102e+00     4.6601      0.956    208.121    38.2371  0.000e+00
 292.371820     30.057    20.3208  52.252833 5.1262e+00     4.6607      0.958    208.148    38.2765  0.000e+00
 292.371823     29.818    20.3201  52.252832 5.3137e+00     4.6628      0.946    208.241    38.2772  0.000e+00
 292.371826     29.640    20.3198  52.253493 5.4170e+00     4.6609      2.327    208.154    38.2781  0.000e+00
 292.371829     29.517    20.3199  52.255255 5.4488e+00     4.6662      1.354    208.393    38.2795  0.000e+00
 292.371832     29.421    20.3206  52.256651 5.4447e+00     4.6667      1.013    208.415    38.2800  0.000e+00
 292.371834     29.333    20.3219  52.257311 5.4375e+00     4.6671      1.007    208.434    38.2794  0.000e+00
 292.371837     29.215    20.3227  52.254592 5.4590e+00     4.6692      0.847    208.528    38.2766  0.000e+00
 292.371840     29.039    20.3224  52.254591 5.4941e+00     4.6683      1.005    208.487    38.2769  0.000e+00
 292.371843     28.784    20.3220  52.255104 5.5996e+00     4.6693      0.914    208.529    38.2778  0.000e+00
 292.371846     28.465    20.3218  52.254882 5.7371e+00     4.6679      0.999    208.469    38.2779  0.000e+00
 292.371849     28.103    20.3217  52.253191 5.9276e+00     4.6679      0.952    208.470    38.2767  0.000e+00
 292.371852     27.715    20.3210  52.252087 6.1723e+00     4.6663      0.952    208.398    38.2766  0.000e+00
 292.371855     27.331    20.3203  52.251057 6.4349e+00     4.6644      0.944    208.313    38.2766  0.000e+00
