Code_for_CTD/Code/CTD_measurements/CTD7708-20241018-MIR-4.cnv
* Sea-Bird SBE19plus Data File:
* FileName = C:\CTD\CTD7708-20241018-MIR-4.hex
* Software Version 1.59
* Temperature SN =  7708
* Conductivity SN =  7708
* System UpLoad Time = Oct 18 2024 09:01:53
* ds
* SBE 19plus V 3.1.8  SERIAL NO. 7708    18 Oct 2024 09:02:31
# nquan = 10
# nvalues = 4945                                  
# units = specified
# name 0 = timeJ: Julian Days
# name 1 = prdM: Pressure, Strain Gauge [db]
# name 2 = tv290C: Temperature [ITS-90, deg C]
# name 3 = c0mS/cm: Conductivity [mS/cm]
# name 4 = par: PAR/Irradiance, Biospherical/Licor
# name 5 = sbeox0ML/L: Oxygen, SBE 43 [ml/l]
# name 6 = seaTurbMtr: Turbidity, Seapoint [FTU]
# name 7 = sbeox0Mm/L: Oxygen, SBE 43 [umol/l]
# name 8 = sal00: Salinity, Practical [PSU]
# name 9 = flag:  0.000e+00
# span 0 = 292.339120, 292.353426                 
# span 1 =     -0.065,    341.153                 
# span 2 =    13.9008,    20.3380                 
# span 3 =   0.014004,  52.298219                 
# span 4 = 1.0000e-12, 3.7628e+02                 
# span 5 =     3.6567,     5.5443                 
# span 6 =      0.000,    120.037                 
# span 7 =    163.308,    247.610                 
# span 8 =     0.0141,    38.6627                 
# span 9 = 0.0000e+00, 0.0000e+00                 
# interval = seconds: 0.25
# start_time = Oct 18 2024 08:08:20 [Instrument's time stamp, header]
# bad_flag = -9.990e-29
*END*
[from data line 3892]
 292.350382    158.279    14.0208  45.713610 1.0000e-12     4.0999      0.311    183.100    38.4583  0.000e+00
 292.350385    158.344    14.0209  45.712986 1.0000e-12     4.1039      0.303    183.282    38.4575  0.000e+00
 292.350388    158.428    14.0210  45.712986 1.0000e-12     4.1036      0.288    183.267    38.4574  0.000e+00
 292.350391    158.477    14.0211  45.712639 1.0000e-12     4.1066      0.280    183.400    38.4570  0.000e+00
 292.350394    158.460    14.0211  45.712986 1.0000e-12     4.1113      0.271    183.611    38.4573  0.000e+00
 292.350396    158.333    14.0212  45.712639 1.0000e-12     4.1114      0.725    183.616    38.4569  0.000e+00
 292.350399    158.087    14.0213  45.712638 1.0000e-12     4.1129      0.694    183.681    38.4570  0.000e+00
 292.350402    157.757    14.0214  45.712358 1.0000e-12     4.1184      0.389    183.930    38.4568  0.000e+00
 292.350405    157.365    14.0211  45.712010 1.0000e-12     4.1165      0.463    183.841    38.4569  0.000e+00
 292.350408    156.948    14.0211  45.711730 1.0000e-12     4.1129      0.288    183.684    38.4568  0.000e+00
 292.350411    156.538    14.0211  45.711451 1.0000e-12     4.1125      0.290    183.666    38.4568  0.000e+00
 292.350414    156.174    14.0211  45.711102 1.0000e-12     4.1106      0.326    183.578    38.4566  0.000e+00
 292.350417    155.849    14.0210  45.711101 1.0000e-12     4.1070      0.288    183.417    38.4568  0.000e+00
 292.350420    155.574    14.0211  45.711446 1.0000e-12     4.1104      0.326    183.568    38.4572  0.000e+00
 292.350422    155.358    14.0214  45.712348 1.0000e-12     4.1073      0.286    183.430    38.4578  0.000e+00
 292.350425    155.213    14.0220  45.712347 1.0000e-12     4.1053      0.311    183.344    38.4573  0.000e+00
 292.350428    155.142    14.0226  45.712000 1.0000e-12     4.1046      0.336    183.309    38.4563  0.000e+00
 292.350431    155.130    14.0228  45.712972 1.0000e-12     4.1107      0.288    183.582    38.4571  0.000e+00
 292.350434    155.170    14.0229  45.713597 1.0000e-12     4.1114      0.311    183.615    38.4575  0.000e+00
 292.350437    155.202    14.0235  45.713874 1.0000e-12     4.1101      0.282    183.556    38.4572  0.000e+00
 292.350440    155.182    14.0241  45.713874 1.0000e-12     4.1171      0.303    183.868    38.4567  0.000e+00
 292.350443    155.088    14.0244  45.713874 1.0000e-12     4.1167      0.334    183.852    38.4563  0.000e+00
 292.350446    154.898    14.0247  45.714151 1.0000e-12     4.1156      0.410    183.804    38.4564  0.000e+00
 292.350448    154.642    14.0249  45.713872 1.0000e-12     4.1133      0.370    183.701    38.4561  0.000e+00
 292.350451    154.365    14.0252  45.713870 1.0000e-12     4.1112      0.530    183.604    38.4559  0.000e+00
 292.350454    154.109    14.0253  45.714147 1.0000e-12     4.1114      0.326    183.616    38.4562  0.000e+00
 292.350457    153.906    14.0253  45.713868 1.0000e-12     4.1089      0.341    183.505    38.4560  0.000e+00
 292.350460    153.775    14.0256  45.714145 1.0000e-12     4.1118      0.340    183.633    38.4560  0.000e+00
 292.350463    153.725    14.0257  45.713868 1.0000e-12     4.1097      0.296    183.541    38.4557  0.000e+00
 292.350466    153.770    14.0257  45.714145 1.0000e-12     4.1136      0.311    183.714    38.4559  0.000e+00
 292.350469    153.884    14.0259  45.714493 1.0000e-12     4.1122      0.410    183.650    38.4560  0.000e+00
 292.350472    154.004    14.0261  45.714146 1.0000e-12     4.1162      0.288    183.830    38.4554  0.000e+00
 292.350475    154.098    14.0261  45.713869 1.0000e-12     4.1181      0.265    183.914    38.4551  0.000e+00
 292.350477    154.144    14.0259  45.713869 1.0000e-12     4.1201      0.378    184.003    38.4553  0.000e+00
 292.350480    154.084    14.0259  45.713869 1.0000e-12     4.1196      0.319    183.980    38.4553  0.000e+00
 292.350483    153.895    14.0259  45.714146 1.0000e-12     4.1183      0.536    183.922    38.4556  0.000e+00
 292.350486    153.587    14.0259  45.713867 1.0000e-12     4.1206      0.414    184.028    38.4556  0.000e+00
 292.350489    153.215    14.0260  45.713865 1.0000e-12     4.1174      0.370    183.881    38.4556  0.000e+00
 292.350492    152.822    14.0262  45.714141 1.0000e-12     4.1179      0.515    183.903    38.4559  0.000e+00
 292.350495    152.434    14.0264  45.713862 1.0000e-12     4.1129      0.404    183.684    38.4556  0.000e+00
 292.350498    152.122    14.0263  45.713860 1.0000e-12     4.1161      0.357    183.825    38.4558  0.000e+00
 292.350501    151.911    14.0267  45.714484 1.0000e-12     4.1149      0.336    183.769    38.4560  0.000e+00
 292.350503    151.792    14.0273  45.714484 1.0000e-12     4.1152      0.372    183.785    38.4555  0.000e+00
 292.350506    151.754    14.0276  45.715664 1.0000e-12     4.1154      0.296    183.795    38.4563  0.000e+00
 292.350509    151.752    14.0283  45.716288 1.0000e-12     4.1108      0.319    183.588    38.4562  0.000e+00
 292.350512    151.729    14.0291  45.716635 1.0000e-12     4.1097      0.349    183.541    38.4557  0.000e+00
 292.350515    151.654    14.0297  45.717260 1.0000e-12     4.1102      0.296    183.563    38.4557  0.000e+00
 292.350518    151.491    14.0303  45.716912 1.0000e-12     4.1047      0.404    183.318    38.4550  0.000e+00
 292.350521    151.235    14.0307  45.716911 1.0000e-12     4.1005      0.536    183.126    38.4546  0.000e+00
 292.350524    150.905    14.0309  45.717812 1.0000e-12     4.1028      0.341    183.232    38.4555  0.000e+00
 292.350527    150.539    14.0314  45.717810 1.0000e-12     4.1022      0.341    183.204    38.4551  0.000e+00
 292.350530    150.160    14.0318  45.717808 1.0000e-12     4.1042      0.370    183.295    38.4549  0.000e+00
 292.350532    149.828    14.0321  45.718154 1.0000e-12     4.1047      0.320    183.314    38.4550  0.000e+00
 292.350535    149.583    14.0325  45.718778 1.0000e-12     4.1061      0.380    183.378    38.4553  0.000e+00
 292.350538    149.447    14.0330  45.719333 1.0000e-12     4.1076      0.481    183.443    38.4555  0.000e+00
 292.350541    149.448    14.0333  45.719680 1.0000e-12     4.1097      0.420    183.540    38.4555  0.000e+00
 292.350544    149.558    14.0338  45.720930 1.0000e-12     4.1130      0.425    183.685    38.4561  0.000e+00
 292.350547    149.696    14.0342  45.721208 1.0000e-12     4.1211      0.336    184.047    38.4559  0.000e+00
 292.350550    149.803    14.0347  45.720931 1.0000e-12     4.1188      0.301    183.945    38.4551  0.000e+00
 292.350553    149.845    14.0348  45.721209 1.0000e-12     4.1195      0.370    183.979    38.4553  0.000e+00
 292.350556    149.785    14.0350  45.721486 1.0000e-12     4.1233      0.402    184.146    38.4553  0.000e+00
 292.350558    149.651    14.0350  45.721485 1.0000e-12     4.1231      0.347    184.136    38.4554  0.000e+00
 292.350561    149.457    14.0351  45.721207 1.0000e-12     4.1229      0.324    184.130    38.4551  0.000e+00
 292.350564    149.256    14.0351  45.720928 1.0000e-12     4.1203      0.429    184.012    38.4550  0.000e+00
 292.350567    149.089    14.0351  45.720928 1.0000e-12     4.1203      0.332    184.013    38.4550  0.000e+00
 292.350570    148.975    14.0352  45.721482 1.0000e-12     4.1219      0.303    184.085    38.4555  0.000e+00
 292.350573    148.926    14.0354  45.721482 1.0000e-12     4.1225      0.280    184.110    38.4553  0.000e+00
 292.350576    148.919    14.0356  45.722107 1.0000e-12     4.1225      0.301    184.109    38.4557  0.000e+00
 292.350579    148.930    14.0358  45.722454 1.0000e-12     4.1216      0.275    184.069    38.4558  0.000e+00
 292.350582    148.910    14.0359  45.722107 1.0000e-12     4.1208      0.387    184.034    38.4553  0.000e+00
 292.350584    148.828    14.0359  45.722454 1.0000e-12     4.1205      0.359    184.022    38.4557  0.000e+00
 292.350587    148.650    14.0361  45.722731 1.0000e-12     4.1202      0.313    184.008    38.4559  0.000e+00
 292.350590    148.378    14.0363  45.722729 1.0000e-12     4.1158      0.380    183.813    38.4558  0.000e+00
 292.350593    148.050    14.0365  45.722728 1.0000e-12     4.1160      0.395    183.819    38.4557  0.000e+00
 292.350596    147.693    14.0367  45.723074 1.0000e-12     4.1159      0.351    183.816    38.4561  0.000e+00
 292.350599    147.360    14.0368  45.723350 1.0000e-12     4.1156      0.372    183.804    38.4563  0.000e+00
 292.350602    147.097    14.0373  45.725154 1.0000e-12     4.1159      0.326    183.818    38.4577  0.000e+00
 292.350605    146.917    14.0380  45.725500 1.0000e-12     4.1158      0.311    183.813    38.4573  0.000e+00
 292.350608    146.834    14.0389  45.725777 1.0000e-12     4.1199      0.296    183.994    38.4568  0.000e+00
 292.350611    146.808    14.0394  45.725499 1.0000e-12     4.1204      0.317    184.016    38.4560  0.000e+00
 292.350613    146.792    14.0400  45.725152 1.0000e-12     4.1230      0.301    184.131    38.4551  0.000e+00
 292.350616    146.721    14.0403  45.725499 1.0000e-12     4.1192      0.326    183.966    38.4552  0.000e+00
 292.350619    146.580    14.0405  45.726401 1.0000e-12     4.1255      0.319    184.247    38.4559  0.000e+00
 292.350622    146.355    14.0413  45.727302 1.0000e-12     4.1262      0.324    184.275    38.4560  0.000e+00
 292.350625    146.083    14.0428  45.727023 1.0000e-12     4.1231      0.429    184.139    38.4544  0.000e+00
 292.350628    145.800    14.0440  45.726744 1.0000e-12     4.1206      0.420    184.026    38.4530  0.000e+00
 292.350631    145.532    14.0450  45.726743 1.0000e-12     4.1193      0.343    183.969    38.4522  0.000e+00
 292.350634    145.320    14.0457  45.726117 1.0000e-12     4.1184      0.328    183.929    38.4510  0.000e+00
 292.350637    145.184    14.0462  45.724589 1.0000e-12     4.1149      0.311    183.770    38.4491  0.000e+00
 292.350639    145.115    14.0466  45.724241 1.0000e-12     4.1173      0.311    183.880    38.4484  0.000e+00
 292.350642    145.075    14.0466  45.723616 1.0000e-12     4.1144      0.311    183.751    38.4479  0.000e+00
 292.350645    145.030    14.0467  45.722088 1.0000e-12     4.1219      0.324    184.084    38.4463  0.000e+00
 292.350648    144.943    14.0466  45.721185 1.0000e-12     4.1235      0.296    184.154    38.4455  0.000e+00
 292.350651    144.798    14.0467  45.720282 1.0000e-12     4.1276      0.351    184.338    38.4447  0.000e+00
 292.350654    144.597    14.0466  45.719934 1.0000e-12     4.1295      0.393    184.425    38.4446  0.000e+00
 292.350657    144.363    14.0467  45.719655 1.0000e-12     4.1340      0.420    184.625    38.4443  0.000e+00
 292.350660    144.129    14.0468  45.719654 1.0000e-12     4.1322      0.404    184.544    38.4443  0.000e+00
 292.350663    143.918    14.0470  45.719306 1.0000e-12     4.1312      0.465    184.501    38.4439  0.000e+00
 292.350666    143.766    14.0472  45.719653 1.0000e-12     4.1281      0.460    184.360    38.4441  0.000e+00
 292.350668    143.672    14.0474  45.719652 1.0000e-12     4.1249      0.374    184.217    38.4439  0.000e+00
 292.350671    143.634    14.0477  45.719652 1.0000e-12     4.1237      0.393    184.165    38.4436  0.000e+00
 292.350674    143.596    14.0477  45.719652 1.0000e-12     4.1237      0.280    184.165    38.4436  0.000e+00
 292.350677    143.563    14.0478  45.719652 1.0000e-12     4.1266      0.303    184.295    38.4436  0.000e+00
 292.350680    143.485    14.0480  45.719929 1.0000e-12     4.1264      0.319    184.287    38.4437  0.000e+00
 292.350683    143.362    14.0482  45.719929 1.0000e-12     4.1281      0.303    184.362    38.4435  0.000e+00
 292.350686    143.206    14.0486  45.720275 1.0000e-12     4.1322      0.355    184.545    38.4435  0.000e+00
 292.350689    143.025    14.0487  45.720274 1.0000e-12     4.1368      0.372    184.751    38.4434  0.000e+00
 292.350692    142.827    14.0491  45.720273 1.0000e-12     4.1386      0.414    184.831    38.4432  0.000e+00
 292.350694    142.601    14.0490  45.720272 1.0000e-12     4.1390      0.385    184.849    38.4434  0.000e+00
 292.350697    142.302    14.0490  45.720271 1.0000e-12     4.1405      0.332    184.916    38.4435  0.000e+00
 292.350700    141.952    14.0493  45.720547 1.0000e-12     4.1374      0.418    184.778    38.4437  0.000e+00
 292.350703    141.538    14.0496  45.722073 1.0000e-12     4.1333      0.364    184.595    38.4449  0.000e+00
 292.350706    141.087    14.0503  45.726375 1.0000e-12     4.1279      0.486    184.354    38.4485  0.000e+00
 292.350709    140.635    14.0523  45.731303 1.0000e-12     4.1283      0.994    184.369    38.4514  0.000e+00
 292.350712    140.220    14.0556  45.735884 1.0000e-12     4.1246      0.404    184.204    38.4526  0.000e+00
 292.350715    139.890    14.0593  45.739909 1.0000e-12     4.1265      0.597    184.290    38.4528  0.000e+00
 292.350718    139.647    14.0633  45.743241 1.0000e-12     4.1267      0.456    184.297    38.4520  0.000e+00
 292.350720    139.492    14.0669  45.744768 1.0000e-12     4.1264      0.380    184.287    38.4500  0.000e+00
 292.350723    139.377    14.0696  45.745392 1.0000e-12     4.1267      0.530    184.300    38.4480  0.000e+00
 292.350726    139.276    14.0714  45.746294 1.0000e-12     4.1283      0.364    184.369    38.4470  0.000e+00
 292.350729    139.165    14.0729  45.748446 1.0000e-12     4.1321      0.404    184.539    38.4476  0.000e+00
 292.350732    139.015    14.0745  45.749973 1.0000e-12     4.1333      0.444    184.595    38.4475  0.000e+00
 292.350735    138.824    14.0761  45.750319 1.0000e-12     4.1402      0.357    184.900    38.4464  0.000e+00
 292.350738    138.587    14.0773  45.750318 1.0000e-12     4.1398      0.414    184.883    38.4453  0.000e+00
 292.350741    138.315    14.0781  45.750317 1.0000e-12     4.1456      0.351    185.141    38.4446  0.000e+00
 292.350744    138.016    14.0785  45.750315 1.0000e-12     4.1410      0.542    184.938    38.4442  0.000e+00
 292.350747    137.726    14.0786  45.750592 1.0000e-12     4.1456      0.414    185.143    38.4446  0.000e+00
 292.350749    137.446    14.0790  45.750590 1.0000e-12     4.1441      0.364    185.075    38.4443  0.000e+00
 292.350752    137.207    14.0791  45.750589 1.0000e-12     4.1413      0.429    184.952    38.4443  0.000e+00
 292.350755    137.019    14.0794  45.750936 1.0000e-12     4.1421      0.349    184.988    38.4445  0.000e+00
 292.350758    136.895    14.0795  45.750935 1.0000e-12     4.1401      0.364    184.896    38.4444  0.000e+00
 292.350761    136.826    14.0797  45.750588 1.0000e-12     4.1429      0.643    185.023    38.4438  0.000e+00
 292.350764    136.799    14.0797  45.750935 1.0000e-12     4.1409      0.454    184.933    38.4442  0.000e+00
 292.350767    136.792    14.0798  45.751212 1.0000e-12     4.1427      0.429    185.013    38.4444  0.000e+00
 292.350770    136.777    14.0800  45.751212 1.0000e-12     4.1411      0.364    184.944    38.4441  0.000e+00
 292.350773    136.710    14.0800  45.751212 1.0000e-12     4.1431      0.469    185.030    38.4442  0.000e+00
 292.350775    136.547    14.0802  45.750934 1.0000e-12     4.1460      0.509    185.162    38.4438  0.000e+00
 292.350778    136.273    14.0801  45.751210 1.0000e-12     4.1419      0.811    184.976    38.4443  0.000e+00
 292.350781    135.907    14.0802  45.750931 1.0000e-12     4.1424      0.435    185.000    38.4441  0.000e+00
 292.350784    135.478    14.0804  45.750582 1.0000e-12     4.1374      0.414    184.775    38.4438  0.000e+00
 292.350787    135.031    14.0803  45.750302 1.0000e-12     4.1389      0.425    184.843    38.4438  0.000e+00
 292.350790    134.618    14.0803  45.750578 1.0000e-12     4.1372      0.370    184.767    38.4443  0.000e+00
 292.350793    134.303    14.0804  45.750299 1.0000e-12     4.1307      0.349    184.476    38.4440  0.000e+00
 292.350796    134.094    14.0805  45.749950 1.0000e-12     4.1263      0.885    184.281    38.4437  0.000e+00
