Code_for_CTD/Code/CTD_measurements/CTD7708-20241018-MIR-5.cnv
* Sea-Bird SBE19plus Data File:
* FileName = C:\CTD\CTD7708-20241018-MIR-5.hex
* Software Version 1.59
* Temperature SN =  7708
* Conductivity SN =  7708
* System UpLoad Time = Oct 18 2024 09:07:27
* ds
* SBE 19plus V 3.1.8  SERIAL NO. 7708    18 Oct 2024 09:08:18
# nquan = 10
# nvalues = 3065                                  
# units = specified
# name 0 = timeJ: Julian Days
# name 1 = prdM: Pressure, Strain Gauge [db]
# name 2 = tv290C: Temperature [ITS-90, deg C]
# name 3 = c0mS/cm: Conductivity [mS/cm]
# name 4 = par: PAR/Irradiance, Biospherical/Licor
# name 5 = sbeox0ML/L: Oxygen, SBE 43 [ml/l]
# name 6 = seaTurbMtr: Turbidity, Seapoint [FTU]
# name 7 = sbeox0Mm/L: Oxygen, SBE 43 [umol/l]
# name 8 = sal00: Salinity, Practical [PSU]
# name 9 = flag:  0.000e+00
# span 0 = 292.363519, 292.372384                 
# span 1 =     -0.039,    207.619                 
# span 2 =    13.8982,    20.3431                 
# span 3 =   0.136497,  52.299867                 
# span 4 = 1.0000e-12, 4.8984e+02                 
# span 5 =     3.7566,     5.9000                 
# span 6 =      0.000,    111.351                 
# span 7 =    167.771,    263.494                 
# span 8 =     0.0770,    39.5037                 
# span 9 = 0.0000e+00, 0.0000e+00                 
# interval = seconds: 0.25
# start_time = Oct 18 2024 08:43:28 [Instrument's time stamp, header]
# bad_flag = -9.990e-29
*END*
[from data line 145]
 292.363938      5.410    20.3151  52.233244 5.0262e+01     4.6848      0.952    209.223    38.2750  0.000e+00
 292.363941      5.412    20.3148  52.232216 5.0655e+01     4.6824      0.921    209.116    38.2744  0.000e+00
 292.363944      5.439    20.3141  52.232877 5.1196e+01     4.6790      0.956    208.963    38.2756  0.000e+00
 292.363947      5.502    20.3141  52.235008 4.7183e+01     4.6770      0.988    208.875    38.2773  0.000e+00
 292.363950      5.598    20.3147  52.235669 4.2528e+01     4.6778      1.110    208.912    38.2773  0.000e+00
 292.363953      5.710    20.3153  52.235670 3.9377e+01     4.6772      1.102    208.882    38.2767  0.000e+00
 292.363955      5.794    20.3157  52.235009 3.7970e+01     4.6725      0.963    208.672    38.2757  0.000e+00
 292.363958      5.828    20.3159  52.234642 3.7441e+01     4.6726      0.994    208.678    38.2752  0.000e+00
 292.363961      5.803    20.3154  52.233907 3.7229e+01     4.6737      0.908    208.728    38.2751  0.000e+00
 292.363964      5.712    20.3148  52.231630 4.2100e+01     4.6734      0.996    208.715    38.2738  0.000e+00
 292.363967      5.584    20.3142  52.231850 4.3938e+01     4.6691      1.030    208.523    38.2745  0.000e+00
 292.363970      5.457    20.3139  52.231114 4.4102e+01     4.6684      0.952    208.493    38.2743  0.000e+00
 292.363973      5.368    20.3131  52.232216 4.6941e+01     4.6702      0.914    208.572    38.2759  0.000e+00
 292.363976      5.344    20.3132  52.233244 4.8823e+01     4.6724      0.961    208.671    38.2767  0.000e+00
 292.363979      5.375    20.3139  52.233905 4.5758e+01     4.6725      1.036    208.674    38.2767  0.000e+00
 292.363981      5.444    20.3144  52.235669 4.3954e+01     4.6686      1.055    208.499    38.2776  0.000e+00
 292.363984      5.527    20.3153  52.236036 4.5921e+01     4.6683      1.038    208.487    38.2771  0.000e+00
 292.363987      5.596    20.3159  52.236330 4.6543e+01     4.6681      0.996    208.477    38.2767  0.000e+00
 292.363990      5.622    20.3164  52.236036 4.4337e+01     4.6696      1.007    208.546    38.2761  0.000e+00
 292.363993      5.598    20.3166  52.234641 4.2430e+01     4.6721      0.958    208.656    38.2747  0.000e+00
 292.363996      5.515    20.3163  52.232877 4.2899e+01     4.6739      1.331    208.737    38.2736  0.000e+00
 292.363999      5.390    20.3152  52.232877 4.5290e+01     4.6771      1.043    208.881    38.2746  0.000e+00
 292.364002      5.254    20.3146  52.232509 4.9084e+01     4.6760      0.963    208.830    38.2749  0.000e+00
 292.364005      5.125    20.3142  52.233243 4.6108e+01     4.6778      0.969    208.911    38.2759  0.000e+00
 292.364008      5.019    20.3141  52.232508 4.2777e+01     4.6757      0.946    208.818    38.2755  0.000e+00
 292.364010      4.946    20.3141  52.232948 4.1788e+01     4.6735      1.019    208.720    38.2758  0.000e+00
 292.364013      4.915    20.3141  52.233903 4.9223e+01     4.6735      1.114    208.719    38.2767  0.000e+00
 292.364016      4.924    20.3143  52.235005 5.7682e+01     4.6739      1.114    208.738    38.2773  0.000e+00
 292.364019      4.993    20.3149  52.236033 6.2140e+01     4.6716      1.068    208.632    38.2776  0.000e+00
 292.364022      5.107    20.3158  52.236328 5.3051e+01     4.6716      1.152    208.633    38.2770  0.000e+00
 292.364025      5.270    20.3164  52.236328 4.4764e+01     4.6673      1.194    208.443    38.2764  0.000e+00
 292.364028      5.458    20.3166  52.236697 3.7815e+01     4.6732      1.091    208.705    38.2765  0.000e+00
 292.364031      5.659    20.3165  52.236330 3.5879e+01     4.6751      1.249    208.788    38.2762  0.000e+00
 292.364034      5.837    20.3167  52.235670 3.7143e+01     4.6725      1.122    208.673    38.2753  0.000e+00
 292.364036      5.964    20.3166  52.236332 3.9975e+01     4.6747      1.032    208.774    38.2759  0.000e+00
 292.364039      6.009    20.3166  52.236038 4.4094e+01     4.6730      0.956    208.697    38.2757  0.000e+00
 292.364042      5.973    20.3165  52.234275 4.4526e+01     4.6740      0.977    208.739    38.2744  0.000e+00
 292.364045      5.846    20.3161  52.233246 4.4282e+01     4.6760      0.938    208.831    38.2739  0.000e+00
 292.364048      5.663    20.3154  52.232511 4.4668e+01     4.6710      1.097    208.605    38.2740  0.000e+00
 292.364051      5.466    20.3146  52.232216 5.0164e+01     4.6717      1.007    208.638    38.2746  0.000e+00
 292.364054      5.281    20.3137  52.232583 5.9453e+01     4.6756      0.961    208.813    38.2758  0.000e+00
 292.364057      5.149    20.3136  52.232509 5.5924e+01     4.6757      0.921    208.815    38.2758  0.000e+00
 292.364060      5.094    20.3135  52.232876 4.8060e+01     4.6756      0.935    208.813    38.2763  0.000e+00
 292.364062      5.107    20.3134  52.234271 4.5274e+01     4.6745      0.980    208.765    38.2775  0.000e+00
 292.364065      5.192    20.3141  52.235006 4.2310e+01     4.6663      1.080    208.399    38.2774  0.000e+00
 292.364068      5.333    20.3147  52.236035 4.3744e+01     4.6636      1.110    208.277    38.2777  0.000e+00
 292.364071      5.491    20.3153  52.235669 4.8299e+01     4.6591      1.005    208.074    38.2768  0.000e+00
 292.364074      5.630    20.3158  52.236036 5.0334e+01     4.6556      1.093    207.918    38.2766  0.000e+00
 292.364077      5.735    20.3160  52.235670 4.5823e+01     4.6597      1.268    208.103    38.2760  0.000e+00
 292.364080      5.790    20.3161  52.235303 4.0937e+01     4.6653      0.952    208.352    38.2756  0.000e+00
 292.364083      5.779    20.3159  52.234274 4.0303e+01     4.6689      0.946    208.514    38.2750  0.000e+00
 292.364086      5.706    20.3155  52.233246 4.2332e+01     4.6701      0.927    208.567    38.2745  0.000e+00
 292.364089      5.596    20.3148  52.233906 4.3744e+01     4.6734      0.891    208.715    38.2757  0.000e+00
 292.364091      5.471    20.3144  52.233245 4.3597e+01     4.6701      0.946    208.565    38.2756  0.000e+00
 292.364094      5.377    20.3144  52.233611 4.2747e+01     4.6706      0.944    208.587    38.2759  0.000e+00
 292.364097      5.313    20.3143  52.233611 4.2618e+01     4.6672      1.154    208.436    38.2760  0.000e+00
 292.364100      5.284    20.3143  52.233905 4.1884e+01     4.6672      1.116    208.435    38.2763  0.000e+00
 292.364103      5.275    20.3143  52.235007 4.0705e+01     4.6635      0.938    208.271    38.2772  0.000e+00
 292.364106      5.277    20.3150  52.237431 4.3158e+01     4.6646      0.889    208.321    38.2786  0.000e+00
 292.364109      5.259    20.3159  52.235006 5.0200e+01     4.6656      0.958    208.366    38.2758  0.000e+00
 292.364112      5.232    20.3166  52.236695 5.2957e+01     4.6642      1.005    208.301    38.2765  0.000e+00
 292.364115      5.192    20.3170  52.235667 5.3570e+01     4.6696      0.992    208.544    38.2753  0.000e+00
 292.364117      5.150    20.3170  52.236695 5.0691e+01     4.6723      0.914    208.665    38.2762  0.000e+00
 292.364120      5.127    20.3170  52.237429 4.6084e+01     4.6707      0.944    208.593    38.2768  0.000e+00
 292.364123      5.130    20.3175  52.238458 3.9862e+01     4.6702      1.274    208.572    38.2772  0.000e+00
 292.364126      5.172    20.3180  52.239854 3.6749e+01     4.6716      1.087    208.632    38.2779  0.000e+00
 292.364129      5.246    20.3189  52.240882 3.7909e+01     4.6698      0.996    208.552    38.2779  0.000e+00
 292.364132      5.340    20.3196  52.240883 4.5783e+01     4.6692      1.032    208.528    38.2772  0.000e+00
 292.364135      5.440    20.3203  52.240516 5.1752e+01     4.6724      1.230    208.670    38.2763  0.000e+00
 292.364138      5.534    20.3204  52.240883 5.4036e+01     4.6708      1.238    208.597    38.2765  0.000e+00
 292.364141      5.603    20.3204  52.240884 5.1405e+01     4.6742      1.022    208.752    38.2764  0.000e+00
 292.364144      5.643    20.3208  52.241325 4.4094e+01     4.6707      0.988    208.593    38.2764  0.000e+00
 292.364146      5.657    20.3209  52.241251 4.0346e+01     4.6670      1.085    208.426    38.2762  0.000e+00
 292.364149      5.663    20.3210  52.239856 3.9791e+01     4.6663      1.282    208.399    38.2750  0.000e+00
 292.364152      5.657    20.3205  52.238827 4.2197e+01     4.6666      1.038    208.409    38.2746  0.000e+00
 292.364155      5.652    20.3201  52.238827 4.4542e+01     4.6667      0.908    208.414    38.2750  0.000e+00
 292.364158      5.650    20.3197  52.238460 4.7249e+01     4.6702      0.999    208.573    38.2750  0.000e+00
 292.364161      5.654    20.3192  52.239121 4.8763e+01     4.6713      1.001    208.619    38.2760  0.000e+00
 292.364164      5.657    20.3192  52.240223 4.9899e+01     4.6711      1.074    208.611    38.2769  0.000e+00
 292.364167      5.652    20.3194  52.239856 4.8222e+01     4.6713      0.975    208.622    38.2764  0.000e+00
 292.364170      5.626    20.3202  52.239855 4.6824e+01     4.6720      1.246    208.650    38.2758  0.000e+00
 292.364172      5.583    20.3200  52.237725 4.4503e+01     4.6750      1.001    208.787    38.2742  0.000e+00
 292.364175      5.511    20.3194  52.238092 4.4282e+01     4.6768      0.914    208.864    38.2750  0.000e+00
 292.364178      5.420    20.3191  52.238092 4.5106e+01     4.6708      1.024    208.598    38.2754  0.000e+00
 292.364181      5.333    20.3190  52.237430 4.4384e+01     4.6652      0.933    208.347    38.2750  0.000e+00
 292.364184      5.242    20.3187  52.237724 4.5250e+01     4.6647      0.946    208.326    38.2755  0.000e+00
 292.364187      5.182    20.3186  52.237283 4.7124e+01     4.6588      0.952    208.061    38.2752  0.000e+00
 292.364190      5.155    20.3182  52.237429 5.0191e+01     4.6557      0.931    207.924    38.2757  0.000e+00
 292.364193      5.177    20.3184  52.237723 5.0031e+01     4.6566      0.971    207.963    38.2758  0.000e+00
 292.364196      5.235    20.3184  52.239854 4.6411e+01     4.6586      1.055    208.055    38.2775  0.000e+00
 292.364198      5.315    20.3191  52.241544 4.3404e+01     4.6614      1.354    208.177    38.2783  0.000e+00
 292.364201      5.394    20.3203  52.241544 4.3489e+01     4.6695      1.078    208.538    38.2772  0.000e+00
 292.364204      5.458    20.3213  52.241250 4.7384e+01     4.6717      0.971    208.638    38.2760  0.000e+00
 292.364207      5.492    20.3216  52.241544 5.0889e+01     4.6745      0.933    208.761    38.2759  0.000e+00
 292.364210      5.492    20.3222  52.241544 4.9899e+01     4.6755      0.956    208.807    38.2754  0.000e+00
 292.364213      5.470    20.3223  52.240515 4.7426e+01     4.6792      0.900    208.971    38.2744  0.000e+00
 292.364216      5.443    20.3220  52.238459 4.3566e+01     4.6799      0.931    209.002    38.2730  0.000e+00
 292.364219      5.412    20.3213  52.238091 4.5880e+01     4.6774      0.994    208.891    38.2734  0.000e+00
 292.364222      5.402    20.3204  52.239120 4.9424e+01     4.6741      0.904    208.747    38.2750  0.000e+00
 292.364225      5.407    20.3204  52.240222 4.9757e+01     4.6740      0.969    208.740    38.2760  0.000e+00
 292.364227      5.451    20.3208  52.241544 4.6791e+01     4.6704      0.971    208.578    38.2766  0.000e+00
 292.364230      5.534    20.3213  52.242279 4.0403e+01     4.6710      1.085    208.606    38.2768  0.000e+00
 292.364233      5.648    20.3223  52.242941 3.8356e+01     4.6658      1.093    208.375    38.2764  0.000e+00
 292.364236      5.770    20.3230  52.242647 3.9077e+01     4.6637      1.017    208.281    38.2754  0.000e+00
 292.364239      5.876    20.3232  52.243676 4.0353e+01     4.6650      1.024    208.339    38.2760  0.000e+00
 292.364242      5.925    20.3237  52.243309 4.0929e+01     4.6650      1.349    208.338    38.2753  0.000e+00
 292.364245      5.896    20.3238  52.242280 4.1677e+01     4.6682      0.952    208.481    38.2744  0.000e+00
 292.364248      5.768    20.3236  52.240517 4.3977e+01     4.6686      0.963    208.499    38.2731  0.000e+00
 292.364251      5.565    20.3229  52.240222 4.6974e+01     4.6735      0.938    208.718    38.2736  0.000e+00
 292.364253      5.337    20.3223  52.239119 4.7216e+01     4.6767      0.938    208.861    38.2733  0.000e+00
 292.364256      5.123    20.3215  52.238090 4.5637e+01     4.6733      1.017    208.712    38.2733  0.000e+00
 292.364259      4.976    20.3210  52.238456 4.5218e+01     4.6726      1.007    208.680    38.2741  0.000e+00
 292.364262      4.931    20.3205  52.240219 4.7941e+01     4.6716      0.996    208.633    38.2760  0.000e+00
 292.364265      4.976    20.3209  52.242276 5.0539e+01     4.6713      1.047    208.621    38.2773  0.000e+00
 292.364268      5.087    20.3220  52.242938 5.0351e+01     4.6719      1.074    208.645    38.2768  0.000e+00
 292.364271      5.246    20.3231  52.243306 5.0772e+01     4.6714      1.169    208.625    38.2761  0.000e+00
 292.364274      5.413    20.3235  52.243600 5.0709e+01     4.6737      1.057    208.726    38.2759  0.000e+00
 292.364277      5.563    20.3242  52.243674 4.8841e+01     4.6733      1.019    208.710    38.2752  0.000e+00
 292.364280      5.675    20.3243  52.243675 4.5791e+01     4.6775      0.961    208.899    38.2751  0.000e+00
 292.364282      5.735    20.3244  52.243675 4.3412e+01     4.6787      0.938    208.953    38.2750  0.000e+00
 292.364285      5.739    20.3242  52.242647 3.9791e+01     4.6754      0.860    208.805    38.2743  0.000e+00
 292.364288      5.686    20.3241  52.242279 3.8746e+01     4.6740      0.946    208.740    38.2741  0.000e+00
 292.364291      5.583    20.3234  52.241912 3.8877e+01     4.6713      1.024    208.622    38.2745  0.000e+00
 292.364294      5.460    20.3231  52.241911 4.1677e+01     4.6676      0.896    208.456    38.2748  0.000e+00
 292.364297      5.320    20.3230  52.241543 5.0853e+01     4.6674      0.870    208.447    38.2747  0.000e+00
 292.364300      5.190    20.3229  52.241542 5.3362e+01     4.6644      0.896    208.312    38.2749  0.000e+00
 292.364303      5.101    20.3229  52.241248 5.7073e+01     4.6678      0.975    208.464    38.2746  0.000e+00
 292.364306      5.068    20.3225  52.240220 6.1845e+01     4.6681      1.019    208.478    38.2742  0.000e+00
 292.364308      5.108    20.3221  52.240881 6.1409e+01     4.6707      1.061    208.593    38.2750  0.000e+00
 292.364311      5.233    20.3218  52.241249 5.2901e+01     4.6720      1.165    208.653    38.2755  0.000e+00
 292.364314      5.402    20.3217  52.241911 4.5282e+01     4.6750      1.041    208.784    38.2761  0.000e+00
 292.364317      5.601    20.3221  52.242646 4.3335e+01     4.6732      1.030    208.707    38.2763  0.000e+00
 292.364320      5.786    20.3227  52.244043 3.9742e+01     4.6738      1.091    208.733    38.2769  0.000e+00
 292.364323      5.930    20.3234  52.244338 3.6697e+01     4.6735      0.994    208.718    38.2764  0.000e+00
 292.364326      6.007    20.3241  52.244338 3.8465e+01     4.6770      1.438    208.874    38.2758  0.000e+00
 292.364329      6.019    20.3243  52.243677 4.0922e+01     4.6761      1.108    208.833    38.2750  0.000e+00
 292.364332      5.958    20.3243  52.242942 4.1046e+01     4.6770      1.135    208.874    38.2744  0.000e+00
 292.364334      5.825    20.3240  52.242647 4.0719e+01     4.6798      0.992    208.998    38.2745  0.000e+00
 292.364337      5.668    20.3237  52.241912 3.9077e+01     4.6825      0.908    209.122    38.2742  0.000e+00
 292.364340      5.503    20.3233  52.241544 4.0633e+01     4.6832      0.885    209.152    38.2743  0.000e+00
 292.364343      5.362    20.3229  52.241249 4.5548e+01     4.6805      0.931    209.031    38.2746  0.000e+00
 292.364346      5.255    20.3225  52.240882 5.3560e+01     4.6798      1.061    209.000    38.2746  0.000e+00
 292.364349      5.180    20.3224  52.241249 5.5864e+01     4.6763      1.080    208.843    38.2751  0.000e+00
