Code_for_CTD/Code/CTD_measurements/CTD7708-20241016-MIR-3.cnv
* Sea-Bird SBE19plus Data File:
* FileName = C:\CTD\CTD7708-20241015-MIR-3.hex
* Software Version 1.59
* Temperature SN =  7708
* Conductivity SN =  7708
* System UpLoad Time = Oct 16 2024 08:32:29
* ds
* SBE 19plus V 3.1.8  SERIAL NO. 7708    16 Oct 2024 08:33:15
# nquan = 10
# nvalues = 1929                                  
# units = specified
# name 0 = timeJ: Julian Days
# name 1 = prdM: Pressure, Strain Gauge [db]
# name 2 = tv290C: Temperature [ITS-90, deg C]
# name 3 = c0mS/cm: Conductivity [mS/cm]
# name 4 = par: PAR/Irradiance, Biospherical/Licor
# name 5 = sbeox0ML/L: Oxygen, SBE 43 [ml/l]
# name 6 = seaTurbMtr: Turbidity, Seapoint [FTU]
# name 7 = sbeox0Mm/L: Oxygen, SBE 43 [umol/l]
# name 8 = sal00: Salinity, Practical [PSU]
# name 9 = flag:  0.000e+00
# span 0 = 290.346933, 290.352512                 
# span 1 =     -0.068,     87.635                 
# span 2 =    16.1804,    20.1594                 
# span 3 =   0.002190,  52.080590                 
# span 4 = 1.0000e-12, 1.0919e+02                 
# span 5 =     3.6841,     5.6841                 
# span 6 =      0.004,    119.938                 
# span 7 =    164.533,    253.850                 
# span 8 =     0.0102,    38.4890                 
# span 9 = 0.0000e+00, 0.0000e+00                 
# interval = seconds: 0.25
# start_time = Oct 16 2024 08:19:35 [Instrument's time stamp, header]
# bad_flag = -9.990e-29
*END*
[from data line 577]
 290.348602      2.053    20.1401  52.050786 2.4388e+01     4.7047      1.791    210.111    38.2845  0.000e+00
 290.348605      2.296    20.1402  52.051081 2.4293e+01     4.7063      1.116    210.184    38.2846  0.000e+00
 290.348608      2.556    20.1404  52.050055 2.4064e+01     4.7077      1.188    210.247    38.2834  0.000e+00
 290.348611      2.825    20.1399  52.049396 2.3357e+01     4.7096      1.343    210.330    38.2832  0.000e+00
 290.348614      3.093    20.1395  52.049031 2.2416e+01     4.7124      1.251    210.457    38.2832  0.000e+00
 290.348617      3.350    20.1387  52.049766 2.1347e+01     4.7143      1.196    210.541    38.2844  0.000e+00
 290.348620      3.569    20.1385  52.050501 2.0206e+01     4.7135      1.129    210.505    38.2851  0.000e+00
 290.348623      3.739    20.1389  52.051088 1.9196e+01     4.7153      1.331    210.584    38.2852  0.000e+00
 290.348626      3.837    20.1392  52.051089 1.8476e+01     4.7107      2.453    210.382    38.2849  0.000e+00
 290.348628      3.870    20.1395  52.051455 1.8115e+01     4.7132      1.238    210.494    38.2849  0.000e+00
 290.348631      3.873    20.1397  52.051089 1.8076e+01     4.7079      1.179    210.257    38.2844  0.000e+00
 290.348634      3.866    20.1399  52.051455 1.8200e+01     4.7010      1.207    209.946    38.2845  0.000e+00
 290.348637      3.864    20.1401  52.051455 1.8275e+01     4.6994      1.104    209.874    38.2843  0.000e+00
 290.348640      3.908    20.1400  52.051455 1.8265e+01     4.6974      1.129    209.786    38.2844  0.000e+00
 290.348643      4.040    20.1401  52.051456 1.7886e+01     4.6932      1.087    209.598    38.2843  0.000e+00
 290.348646      4.279    20.1402  52.051457 1.7205e+01     4.6974      1.244    209.785    38.2841  0.000e+00
 290.348649      4.627    20.1402  52.051826 1.6277e+01     4.6959      1.135    209.720    38.2843  0.000e+00
 290.348652      5.056    20.1400  52.050801 1.5322e+01     4.6984      1.244    209.831    38.2834  0.000e+00
 290.348655      5.496    20.1397  52.050803 1.4449e+01     4.7036      1.225    210.061    38.2835  0.000e+00
 290.348657      5.858    20.1396  52.051832 1.3751e+01     4.7070      1.524    210.214    38.2844  0.000e+00
 290.348660      6.130    20.1395  52.052493 1.3287e+01     4.7140      1.286    210.529    38.2849  0.000e+00
 290.348663      6.322    20.1397  52.052494 1.2966e+01     4.7172      1.371    210.669    38.2846  0.000e+00
 290.348666      6.454    20.1398  52.052495 1.2738e+01     4.7221      1.148    210.888    38.2845  0.000e+00
 290.348669      6.534    20.1403  52.052862 1.2573e+01     4.7250      1.183    211.017    38.2843  0.000e+00
 290.348672      6.606    20.1403  52.052862 1.2464e+01     4.7268      1.066    211.101    38.2843  0.000e+00
 290.348675      6.693    20.1404  52.052863 1.2394e+01     4.7268      1.114    211.097    38.2842  0.000e+00
 290.348678      6.822    20.1402  52.052864 1.2392e+01     4.7259      1.141    211.060    38.2843  0.000e+00
 290.348681      6.983    20.1402  52.052864 1.2342e+01     4.7224      1.061    210.902    38.2842  0.000e+00
 290.348683      7.139    20.1404  52.053232 1.2273e+01     4.7205      1.207    210.818    38.2843  0.000e+00
 290.348686      7.262    20.1403  52.053232 1.2251e+01     4.7208      1.116    210.832    38.2843  0.000e+00
 290.348689      7.345    20.1405  52.053526 1.2251e+01     4.7172      1.019    210.671    38.2844  0.000e+00
 290.348692      7.387    20.1405  52.053233 1.2162e+01     4.7092      1.074    210.311    38.2841  0.000e+00
 290.348695      7.399    20.1406  52.053526 1.2033e+01     4.7070      1.148    210.214    38.2843  0.000e+00
 290.348698      7.427    20.1405  52.053233 1.1846e+01     4.7019      0.982    209.989    38.2841  0.000e+00
 290.348701      7.501    20.1407  52.053527 1.1631e+01     4.7015      1.110    209.968    38.2841  0.000e+00
 290.348704      7.666    20.1406  52.053528 1.1320e+01     4.7032      1.074    210.043    38.2842  0.000e+00
 290.348707      7.925    20.1404  52.053236 1.1011e+01     4.7032      1.268    210.044    38.2840  0.000e+00
 290.348709      8.261    20.1401  52.053237 1.0695e+01     4.7063      1.183    210.184    38.2841  0.000e+00
 290.348712      8.624    20.1398  52.053239 1.0374e+01     4.7131      1.213    210.487    38.2842  0.000e+00
 290.348715      8.970    20.1397  52.053534 1.0096e+01     4.7175      1.251    210.683    38.2845  0.000e+00
 290.348718      9.239    20.1395  52.053536 9.8645e+00     4.7213      1.196    210.853    38.2846  0.000e+00
 290.348721      9.446    20.1397  52.053537 9.7071e+00     4.7218      1.093    210.874    38.2842  0.000e+00
 290.348724      9.582    20.1397  52.053904 9.6099e+00     4.7242      1.061    210.983    38.2845  0.000e+00
 290.348727      9.649    20.1396  52.053905 9.5049e+00     4.7256      1.043    211.045    38.2846  0.000e+00
 290.348730      9.672    20.1395  52.054271 9.4477e+00     4.7192      1.055    210.759    38.2850  0.000e+00
 290.348733      9.681    20.1397  52.053905 9.4581e+00     4.7146      1.007    210.553    38.2845  0.000e+00
 290.348736      9.699    20.1397  52.053905 9.4425e+00     4.7154      1.118    210.592    38.2845  0.000e+00
 290.348738      9.757    20.1397  52.054272 9.4252e+00     4.7096      1.080    210.330    38.2848  0.000e+00
 290.348741      9.880    20.1397  52.054272 9.4028e+00     4.7082      1.335    210.270    38.2847  0.000e+00
 290.348744     10.058    20.1397  52.054200 9.3444e+00     4.7052      1.127    210.134    38.2846  0.000e+00
 290.348747     10.269    20.1396  52.054641 9.2575e+00     4.7091      1.280    210.307    38.2850  0.000e+00
 290.348750     10.511    20.1397  52.054936 9.1445e+00     4.7094      1.221    210.323    38.2850  0.000e+00
 290.348753     10.737    20.1397  52.054643 9.0262e+00     4.7132      1.196    210.491    38.2847  0.000e+00
 290.348756     10.933    20.1398  52.054938 8.8751e+00     4.7103      1.226    210.361    38.2847  0.000e+00
 290.348759     11.105    20.1399  52.054939 8.7328e+00     4.7082      1.123    210.268    38.2846  0.000e+00
 290.348762     11.246    20.1399  52.054939 8.5975e+00     4.7069      1.158    210.211    38.2845  0.000e+00
 290.348764     11.380    20.1399  52.055307 8.5063e+00     4.7043      1.139    210.094    38.2848  0.000e+00
 290.348767     11.519    20.1398  52.054941 8.3866e+00     4.7030      1.123    210.038    38.2845  0.000e+00
 290.348770     11.673    20.1400  52.054941 8.2564e+00     4.6994      1.036    209.876    38.2843  0.000e+00
 290.348773     11.842    20.1397  52.054942 8.1191e+00     4.7035      1.116    210.060    38.2845  0.000e+00
 290.348776     12.016    20.1396  52.055310 8.0135e+00     4.7012      1.144    209.955    38.2849  0.000e+00
 290.348779     12.195    20.1396  52.054944 7.8932e+00     4.7005      1.047    209.924    38.2845  0.000e+00
 290.348782     12.367    20.1397  52.055312 7.7689e+00     4.7035      1.074    210.057    38.2846  0.000e+00
 290.348785     12.539    20.1397  52.055679 7.6733e+00     4.7062      1.118    210.177    38.2848  0.000e+00
 290.348788     12.702    20.1397  52.055680 7.5732e+00     4.7103      1.030    210.360    38.2848  0.000e+00
 290.348791     12.876    20.1397  52.055828 7.4744e+00     4.7102      3.197    210.355    38.2848  0.000e+00
 290.348793     13.048    20.1398  52.055682 7.4014e+00     4.7103      1.299    210.363    38.2845  0.000e+00
 290.348796     13.229    20.1399  52.055976 7.3251e+00     4.7079      1.091    210.257    38.2846  0.000e+00
 290.348799     13.412    20.1399  52.056344 7.2414e+00     4.7032      1.141    210.045    38.2849  0.000e+00
 290.348802     13.583    20.1398  52.055978 7.1746e+00     4.7016      1.177    209.972    38.2846  0.000e+00
 290.348805     13.735    20.1399  52.056345 7.1229e+00     4.7016      1.036    209.974    38.2847  0.000e+00
 290.348808     13.856    20.1400  52.055979 7.0401e+00     4.7023      1.215    210.006    38.2843  0.000e+00
 290.348811     13.965    20.1398  52.055980 6.9802e+00     4.7056      1.127    210.150    38.2844  0.000e+00
 290.348814     14.084    20.1397  52.055687 6.9118e+00     4.7071      1.080    210.221    38.2842  0.000e+00
 290.348817     14.217    20.1395  52.055321 6.8479e+00     4.7101      1.135    210.354    38.2841  0.000e+00
 290.348819     14.378    20.1391  52.055322 6.7681e+00     4.7141      1.196    210.532    38.2844  0.000e+00
 290.348822     14.566    20.1390  52.055689 6.6644e+00     4.7152      1.169    210.579    38.2847  0.000e+00
 290.348825     14.778    20.1387  52.056351 6.5682e+00     4.7128      1.183    210.472    38.2854  0.000e+00
 290.348828     14.986    20.1390  52.055985 6.4637e+00     4.7121      1.129    210.441    38.2848  0.000e+00
 290.348831     15.178    20.1388  52.055326 6.3692e+00     4.7122      1.202    210.447    38.2843  0.000e+00
 290.348834     15.356    20.1387  52.055327 6.2829e+00     4.7123      1.083    210.452    38.2844  0.000e+00
 290.348837     15.501    20.1385  52.055327 6.2070e+00     4.7104      1.110    210.368    38.2845  0.000e+00
 290.348840     15.642    20.1385  52.054961 6.1608e+00     4.7104      1.097    210.365    38.2841  0.000e+00
 290.348843     15.781    20.1384  52.054962 6.1057e+00     4.7078      1.078    210.249    38.2842  0.000e+00
 290.348845     15.935    20.1382  52.054670 6.0545e+00     4.7075      1.041    210.237    38.2841  0.000e+00
 290.348848     16.087    20.1379  52.054304 5.9992e+00     4.7057      1.036    210.155    38.2840  0.000e+00
 290.348851     16.241    20.1377  52.054304 5.9198e+00     4.7014      1.190    209.966    38.2841  0.000e+00
 290.348854     16.377    20.1369  52.054232 5.8448e+00     4.6959      1.041    209.718    38.2847  0.000e+00
 290.348857     16.500    20.1369  52.054673 5.7848e+00     4.6956      1.085    209.707    38.2851  0.000e+00
 290.348860     16.613    20.1369  52.054967 5.7156e+00     4.6928      1.238    209.579    38.2853  0.000e+00
 290.348863     16.745    20.1370  52.054967 5.6536e+00     4.6956      1.164    209.704    38.2851  0.000e+00
 290.348866     16.940    20.1372  52.055702 5.5681e+00     4.6986      1.213    209.837    38.2855  0.000e+00
 290.348869     17.212    20.1374  52.055703 5.4683e+00     4.6970      1.230    209.768    38.2852  0.000e+00
 290.348872     17.522    20.1375  52.055704 5.3661e+00     4.6999      1.144    209.897    38.2849  0.000e+00
 290.348874     17.817    20.1374  52.054679 5.2568e+00     4.7034      1.183    210.053    38.2841  0.000e+00
 290.348877     18.056    20.1371  52.054680 5.1700e+00     4.7033      1.270    210.049    38.2843  0.000e+00
 290.348880     18.227    20.1369  52.055341 5.1145e+00     4.7084      1.122    210.278    38.2849  0.000e+00
 290.348883     18.312    20.1367  52.055342 5.0836e+00     4.7095      1.072    210.324    38.2851  0.000e+00
 290.348886     18.339    20.1369  52.055709 5.0673e+00     4.7098      1.053    210.341    38.2852  0.000e+00
 290.348889     18.332    20.1370  52.056002 5.0702e+00     4.7131      1.043    210.488    38.2854  0.000e+00
 290.348892     18.332    20.1371  52.055709 5.0596e+00     4.7122      1.085    210.449    38.2850  0.000e+00
 290.348895     18.375    20.1371  52.056002 5.0395e+00     4.7121      1.104    210.444    38.2853  0.000e+00
 290.348898     18.484    20.1373  52.056003 4.9976e+00     4.7113      1.043    210.405    38.2851  0.000e+00
 290.348900     18.653    20.1373  52.055710 4.9316e+00     4.7099      1.171    210.344    38.2847  0.000e+00
 290.348903     18.872    20.1373  52.055711 4.8573e+00     4.7101      1.196    210.351    38.2847  0.000e+00
 290.348906     19.125    20.1370  52.052925 4.7830e+00     4.7128      1.146    210.476    38.2825  0.000e+00
 290.348909     19.395    20.1359  52.053954 4.6865e+00     4.7140      1.238    210.528    38.2843  0.000e+00
 290.348912     19.662    20.1351  52.056742 4.5856e+00     4.7167      1.377    210.650    38.2872  0.000e+00
 290.348915     19.914    20.1357  52.052929 4.5040e+00     4.7189      1.196    210.745    38.2834  0.000e+00
 290.348918     20.136    20.1351  52.050217 4.4339e+00     4.7206      1.926    210.821    38.2816  0.000e+00
 290.348921     20.328    20.1330  52.049118 4.3714e+00     4.7230      1.318    210.931    38.2825  0.000e+00
 290.348924     20.464    20.1313  52.049853 4.3214e+00     4.7268      1.154    211.098    38.2846  0.000e+00
 290.348927     20.555    20.1304  52.049853 4.2867e+00     4.7267      1.171    211.094    38.2854  0.000e+00
 290.348929     20.604    20.1299  52.049487 4.2637e+00     4.7264      1.123    211.083    38.2855  0.000e+00
 290.348932     20.625    20.1298  52.049487 4.2474e+00     4.7227      1.049    210.915    38.2856  0.000e+00
 290.348935     20.658    20.1297  52.049487 4.2246e+00     4.7231      1.118    210.933    38.2857  0.000e+00
 290.348938     20.741    20.1294  52.049854 4.1865e+00     4.7210      1.049    210.838    38.2863  0.000e+00
 290.348941     20.899    20.1294  52.050148 4.1345e+00     4.7198      1.274    210.787    38.2865  0.000e+00
 290.348944     21.145    20.1296  52.049123 4.0618e+00     4.7148      1.175    210.562    38.2853  0.000e+00
 290.348947     21.461    20.1291  52.047364 3.9764e+00     4.7071      1.169    210.217    38.2842  0.000e+00
 290.348950     21.801    20.1282  52.047733 3.8776e+00     4.7072      1.183    210.225    38.2851  0.000e+00
 290.348953     22.135    20.1277  52.038714 3.7943e+00     4.7027      1.202    210.021    38.2780  0.000e+00
 290.348955     22.423    20.1237  52.033582 3.7184e+00     4.7022      1.505    210.000    38.2773  0.000e+00
 290.348958     22.669    20.1182  52.033658 3.6424e+00     4.7095      1.286    210.325    38.2822  0.000e+00
 290.348961     22.836    20.1150  52.026986 3.5902e+00     4.7107      1.068    210.380    38.2796  0.000e+00
 290.348964     22.937    20.1107  52.026327 3.5539e+00     4.7147      0.938    210.556    38.2829  0.000e+00
 290.348967     22.973    20.1072  52.026328 3.5435e+00     4.7163      1.066    210.630    38.2861  0.000e+00
 290.348970     22.948    20.1052  52.026328 3.5442e+00     4.7122      0.921    210.446    38.2880  0.000e+00
 290.348973     22.892    20.1043  52.025961 3.5498e+00     4.7053      1.055    210.137    38.2884  0.000e+00
 290.348976     22.817    20.1038  52.025594 3.5511e+00     4.7008      1.019    209.939    38.2887  0.000e+00
 290.348979     22.776    20.1036  52.026328 3.5678e+00     4.6946      0.971    209.660    38.2894  0.000e+00
 290.348981     22.805    20.1032  52.026328 3.5484e+00     4.6917      1.032    209.530    38.2898  0.000e+00
 290.348984     22.935    20.1037  52.025962 3.5118e+00     4.6922      1.041    209.555    38.2890  0.000e+00
 290.348987     23.196    20.1036  52.018337 3.4457e+00     4.6966      1.114    209.751    38.2827  0.000e+00
 290.348990     23.584    20.1007  52.005215 3.3622e+00     4.7008      1.144    209.936    38.2743  0.000e+00
 290.348993     24.020    20.0926  52.004852 3.2560e+00     4.7061      1.127    210.176    38.2812  0.000e+00
 290.348996     24.499    20.0855  51.999357 3.1435e+00     4.7095      1.104    210.326    38.2829  0.000e+00
 290.348999     24.913    20.0798  51.996574 3.0368e+00     4.7140      1.133    210.528    38.2856  0.000e+00
 290.349002     25.238    20.0745  51.994157 2.9533e+00     4.7191      1.116    210.757    38.2883  0.000e+00
 290.349005     25.468    20.0704  51.993059 2.8903e+00     4.7199      1.026    210.793    38.2911  0.000e+00
 290.349008     25.577    20.0674  51.993500 2.8661e+00     4.7207      1.053    210.827    38.2941  0.000e+00
 290.349010     25.562    20.0658  51.993794 2.8702e+00     4.7232      0.952    210.936    38.2959  0.000e+00
 290.349013     25.468    20.0651  51.993793 2.8938e+00     4.7209      1.030    210.835    38.2965  0.000e+00
