Code_for_CTD/Code/CTD_measurements/CTD7708-20241015-MIR-2.cnv
* Sea-Bird SBE19plus Data File:
* FileName = C:\CTD\CTD7708-20241015-MIR-2.hex
* Software Version 1.59
* Temperature SN =  7708
* Conductivity SN =  7708
* System UpLoad Time = Oct 15 2024 09:21:56
* ds
* SBE 19plus V 3.1.8  SERIAL NO. 7708    15 Oct 2024 09:21:48
# nquan = 10
# nvalues = 3474                                  
# units = specified
# name 0 = timeJ: Julian Days
# name 1 = prdM: Pressure, Strain Gauge [db]
# name 2 = tv290C: Temperature [ITS-90, deg C]
# name 3 = c0mS/cm: Conductivity [mS/cm]
# name 4 = par: PAR/Irradiance, Biospherical/Licor
# name 5 = sbeox0ML/L: Oxygen, SBE 43 [ml/l]
# name 6 = seaTurbMtr: Turbidity, Seapoint [FTU]
# name 7 = sbeox0Mm/L: Oxygen, SBE 43 [umol/l]
# name 8 = sal00: Salinity, Practical [PSU]
# name 9 = flag:  0.000e+00
# span 0 = 289.378426, 289.388475                 
# span 1 =      0.024,    216.341                 
# span 2 =    13.9322,    19.8685                 
# span 3 =   0.039116,  51.795779                 
# span 4 = 1.0000e-12, 3.4309e+02                 
# span 5 =     3.7692,     5.8643                 
# span 6 =      0.000,    120.117                 
# span 7 =    168.333,    261.898                 
# span 8 =     0.0258,    38.8218                 
# span 9 = 0.0000e+00, 0.0000e+00                 
# interval = seconds: 0.25
# start_time = Oct 15 2024 09:04:56 [Instrument's time stamp, header]
# bad_flag = -9.990e-29
*END*
 289.378426      0.026    19.5733   0.039116 3.3246e+02     5.2791      0.010    235.766     0.0258  0.000e+00
 289.378429      0.026    19.5787   0.039468 3.2833e+02     5.2803      0.017    235.817     0.0260  0.000e+00
 289.378432      0.028    19.5861   0.039907 3.3111e+02     5.2774      0.000    235.688     0.0262  0.000e+00
 289.378435      0.028    19.5985   0.040200 3.3575e+02     5.2762      0.021    235.636     0.0263  0.000e+00
 289.378438      0.024    19.6110   0.040522 3.3895e+02     5.2730      0.008    235.494     0.0265  0.000e+00
 289.378440      0.024    19.6227   0.040991 3.4092e+02     5.2735      0.000    235.513     0.0267  0.000e+00
 289.378443      0.024    19.6351   0.041313 3.4309e+02     5.2726      0.000    235.474     0.0268  0.000e+00
 289.378446      0.030    19.6469   0.041547 3.4080e+02     5.2736      0.000    235.518     0.0270  0.000e+00
 289.378449      0.028    19.6563   0.041664 3.2108e+02     5.2727      3.368    235.480     0.0270  0.000e+00
 289.378452      0.032    19.6615   0.041606 2.9529e+02     5.2701     14.027    235.362     0.0270  0.000e+00
 289.378455      0.028    19.6630   0.041547 2.5258e+02     5.2729     29.906    235.488     0.0269  0.000e+00
 289.378458      0.030    19.6598   0.041254 2.5530e+02     5.2713     27.251    235.418     0.0268  0.000e+00
 289.378461      0.030    19.6542   0.041372 2.2311e+02     5.2726     15.078    235.476     0.0269  0.000e+00
 289.378464      0.028    19.6473   0.040874 2.6726e+02     5.2706     23.905    235.386     0.0266  0.000e+00
 289.378466      0.033    19.6407   0.040874 2.5156e+02     5.2697      6.317    235.343     0.0266  0.000e+00
 289.378469      0.032    19.6382   0.040991 2.0171e+02     5.2734      1.261    235.508     0.0267  0.000e+00
 289.378472      0.034    19.6408   0.041079 2.4817e+02     5.2732      0.090    235.501     0.0267  0.000e+00
 289.378475      0.032    19.6461   0.041254 2.8861e+02     5.2732      0.027    235.502     0.0268  0.000e+00
 289.378478      0.035    19.6514   0.041313 2.9748e+02     5.2701      0.006    235.364     0.0268  0.000e+00
 289.378481      0.033    19.6570   0.041372 1.6243e+02     5.2690      1.343    235.314     0.0269  0.000e+00
 289.378484      0.033    19.6646   0.041254 1.0400e+02     5.2702     16.670    235.367     0.0268  0.000e+00
 289.378487      0.035    19.6704   0.041137 8.4203e+01     5.2669     12.629    235.222     0.0268  0.000e+00
 289.378490      0.031    19.6723   0.041137 7.9438e+01     5.2681     24.279    235.273     0.0268  0.000e+00
 289.378492      0.033    19.6729   0.040991 7.5646e+01     5.2685     18.708    235.291     0.0267  0.000e+00
 289.378495      0.037    19.6757   0.040874 7.9579e+01     5.2672     28.407    235.234     0.0266  0.000e+00
 289.378498      0.035    19.6818   0.040522 1.6953e+02     5.2693     35.771    235.327     0.0265  0.000e+00
 289.378501      0.033    19.6893   0.040464 1.9780e+02     5.2667      5.175    235.209     0.0264  0.000e+00
 289.378504      0.033    19.6939   0.040317 2.2920e+02     5.2662     47.789    235.188     0.0264  0.000e+00
 289.378507      0.036    19.6951   0.040083 1.9069e+02     5.2673     33.423    235.239     0.0262  0.000e+00
 289.378510      0.033    19.6951   0.039907 1.1202e+02     5.2672     20.552    235.232     0.0262  0.000e+00
 289.378513      0.100    19.6930  10.437796 7.8768e+01     5.0671     11.173    226.299     6.6442  0.000e+00
 289.378516      0.161    19.7070  24.368091 6.6670e+01     4.7742    107.477    213.218    16.6743  0.000e+00
 289.378519      0.206    19.7372  37.634847 6.0514e+01     4.4888     18.130    200.470    26.8988  0.000e+00
 289.378521      0.277    19.7584  48.638807 5.6480e+01     4.2585      9.827    190.183    35.7972  0.000e+00
 289.378524      0.440    19.7730  51.717434 5.5304e+01     4.1935      5.488    187.281    38.3433  0.000e+00
 289.378527      0.616    19.7870  51.733891 5.1963e+01     4.1922      3.546    187.223    38.3442  0.000e+00
 289.378530      0.777    19.7990  51.732208 2.7944e+01     4.1927      1.537    187.247    38.3317  0.000e+00
 289.378533      0.956    19.8063  51.728038 1.8529e+01     4.2028      2.916    187.699    38.3214  0.000e+00
 289.378536      1.153    19.8103  51.723283 1.5239e+01     4.2224      1.324    188.570    38.3138  0.000e+00
 289.378539      1.349    19.8126  51.722260 1.4410e+01     4.2511      1.694    189.853    38.3107  0.000e+00
 289.378542      1.532    19.8137  51.723943 1.5004e+01     4.2891      1.413    191.553    38.3110  0.000e+00
 289.378545      1.704    19.8146  51.727747 1.5091e+01     4.3331      2.440    193.517    38.3133  0.000e+00
 289.378547      1.876    19.8160  51.730455 1.4428e+01     4.3953      1.255    196.296    38.3142  0.000e+00
 289.378550      2.040    19.8168  51.732869 1.3420e+01     4.4435      1.091    198.446    38.3154  0.000e+00
 289.378553      2.203    19.8183  51.735942 1.2480e+01     4.5057      1.780    201.226    38.3166  0.000e+00
 289.378556      2.357    19.8196  51.736309 1.1703e+01     4.5745      3.927    204.295    38.3156  0.000e+00
 289.378559      2.511    19.8206  51.737041 1.1444e+01     4.6359      1.843    207.040    38.3152  0.000e+00
 289.378562      2.669    19.8211  51.737041 1.1599e+01     4.6837      1.802    209.172    38.3147  0.000e+00
 289.378565      2.845    19.8216  51.737335 1.2182e+01     4.7057      2.863    210.158    38.3144  0.000e+00
 289.378568      3.027    19.8221  51.738360 1.3008e+01     4.7127      1.869    210.467    38.3148  0.000e+00
 289.378571      3.252    19.8224  51.741799 1.3524e+01     4.6994      1.747    209.874    38.3172  0.000e+00
 289.378573      3.525    19.8232  51.742825 1.3929e+01     4.6851      1.511    209.238    38.3173  0.000e+00
 289.378576      3.849    19.8242  51.745972 1.4224e+01     4.6627      1.476    208.234    38.3189  0.000e+00
 289.378579      4.221    19.8252  51.746632 1.4593e+01     4.6499      1.610    207.666    38.3184  0.000e+00
 289.378582      4.616    19.8261  51.745829 1.4575e+01     4.6430      1.656    207.355    38.3167  0.000e+00
 289.378585      4.961    19.8264  51.745977 1.4139e+01     4.6429      1.085    207.352    38.3164  0.000e+00
 289.378588      5.269    19.8268  51.742833 1.3995e+01     4.6502      0.994    207.679    38.3133  0.000e+00
 289.378591      5.506    19.8266  51.738079 1.4227e+01     4.6565      0.916    207.960    38.3094  0.000e+00
 289.378594      5.689    19.8264  51.732593 1.5474e+01     4.6550      0.982    207.893    38.3050  0.000e+00
 289.378597      5.749    19.8260  51.734642 2.4449e+01     4.6310      0.975    206.822    38.3070  0.000e+00
 289.378600      5.653    19.8249  51.729155 3.0912e+01     4.5898      0.958    204.980    38.3035  0.000e+00
 289.378602      5.490    19.8225  51.726375 3.0973e+01     4.5239      0.950    202.039    38.3034  0.000e+00
 289.378605      5.376    19.8217  51.734641 2.7919e+01     4.4530      0.860    198.870    38.3111  0.000e+00
 289.378608      5.323    19.8218  51.739469 2.2947e+01     4.3934      0.931    196.211    38.3151  0.000e+00
 289.378611      5.341    19.8222  51.739469 1.9241e+01     4.3450      0.921    194.049    38.3147  0.000e+00
 289.378614      5.433    19.8224  51.740127 1.7649e+01     4.3129      0.961    192.614    38.3150  0.000e+00
 289.378617      5.567    19.8230  51.739762 1.8141e+01     4.3030      1.001    192.170    38.3141  0.000e+00
 289.378620      5.718    19.8234  51.738080 1.9947e+01     4.3166      0.944    192.780    38.3123  0.000e+00
 289.378623      5.839    19.8234  51.735301 2.0409e+01     4.3479      0.885    194.178    38.3099  0.000e+00
 289.378626      5.904    19.8228  51.731863 1.9890e+01     4.3827      0.933    195.730    38.3076  0.000e+00
 289.378628      5.913    19.8224  51.735960 1.9737e+01     4.3977      0.908    196.402    38.3113  0.000e+00
 289.378631      5.875    19.8206  51.735667 1.9519e+01     4.3927      0.877    196.179    38.3127  0.000e+00
 289.378634      5.788    19.8183  51.728425 1.9265e+01     4.3696      0.860    195.146    38.3088  0.000e+00
 289.378637      5.696    19.8169  51.725719 1.9997e+01     4.3311      0.933    193.428    38.3079  0.000e+00
 289.378640      5.622    19.8156  51.728791 2.0362e+01     4.2913      0.938    191.651    38.3117  0.000e+00
 289.378643      5.584    19.8160  51.733253 2.0141e+01     4.2524      0.927    189.913    38.3151  0.000e+00
 289.378646      5.576    19.8165  51.733618 1.9808e+01     4.2110      0.933    188.065    38.3149  0.000e+00
 289.378649      5.587    19.8170  51.731863 2.0841e+01     4.1728      0.891    186.359    38.3130  0.000e+00
 289.378652      5.607    19.8172  51.729814 2.0961e+01     4.1512      0.931    185.392    38.3111  0.000e+00
 289.378655      5.629    19.8173  51.728059 2.0545e+01     4.1328      1.230    184.572    38.3096  0.000e+00
 289.378657      5.651    19.8165  51.725718 2.1582e+01     4.1275      0.914    184.335    38.3083  0.000e+00
 289.378660      5.651    19.8151  51.723305 2.0347e+01     4.1280      0.853    184.359    38.3076  0.000e+00
 289.378663      5.640    19.8138  51.720891 1.9379e+01     4.1317      0.843    184.522    38.3068  0.000e+00
 289.378666      5.613    19.8126  51.719136 1.8259e+01     4.1342      0.999    184.632    38.3064  0.000e+00
 289.378669      5.578    19.8116  51.719136 1.8314e+01     4.1308      0.902    184.480    38.3073  0.000e+00
 289.378672      5.537    19.8113  51.720891 1.9519e+01     4.1125      0.969    183.664    38.3091  0.000e+00
 289.378675      5.498    19.8122  51.724329 2.1302e+01     4.0967      1.030    182.960    38.3112  0.000e+00
 289.378678      5.470    19.8128  51.727035 2.4064e+01     4.0721      0.858    181.858    38.3129  0.000e+00
 289.378681      5.468    19.8129  51.727401 2.6300e+01     4.0441      0.914    180.608    38.3131  0.000e+00
 289.378683      5.488    19.8125  51.726962 2.5388e+01     4.0073      0.914    178.967    38.3131  0.000e+00
 289.378686      5.547    19.8124  51.727401 2.1799e+01     3.9722      0.986    177.400    38.3135  0.000e+00
 289.378689      5.634    19.8128  51.727767 2.0133e+01     3.9284      1.049    175.441    38.3134  0.000e+00
 289.378692      5.736    19.8126  51.727036 2.2086e+01     3.8846      1.005    173.488    38.3129  0.000e+00
 289.378695      5.808    19.8128  51.723964 2.4638e+01     3.8441      0.958    171.676    38.3102  0.000e+00
 289.378698      5.837    19.8124  51.738741 2.4541e+01     3.8088      0.811    170.102    38.3228  0.000e+00
 289.378701      5.805    19.8113  51.752861 2.3091e+01     3.7825      0.866    168.927    38.3356  0.000e+00
 289.378704      5.705    19.8109  51.748398 2.2292e+01     3.7692      0.860    168.333    38.3324  0.000e+00
 289.378707      5.565    19.8155  51.741519 2.0659e+01     3.7732      1.129    168.513    38.3224  0.000e+00
 289.378709      5.426    19.8187  51.730179 2.2412e+01     3.8003      0.841    169.723    38.3101  0.000e+00
 289.378712      5.317    19.8199  51.729813 2.5620e+01     3.8430      0.883    171.630    38.3087  0.000e+00
 289.378715      5.250    19.8200  51.732885 2.4961e+01     3.8738      0.933    173.003    38.3113  0.000e+00
 289.378718      5.248    19.8183  51.732226 2.4563e+01     3.9061      1.038    174.445    38.3122  0.000e+00
 289.378721      5.299    19.8168  51.732227 2.2898e+01     3.9356      1.030    175.764    38.3136  0.000e+00
 289.378724      5.380    19.8161  51.731862 2.2296e+01     3.9627      1.013    176.976    38.3139  0.000e+00
 289.378727      5.471    19.8161  51.730838 2.1850e+01     3.9684      1.011    177.228    38.3130  0.000e+00
 289.378730      5.556    19.8163  51.731204 2.1807e+01     3.9639      0.935    177.026    38.3131  0.000e+00
 289.378733      5.618    19.8160  51.742178 2.4310e+01     3.9507      0.971    176.439    38.3225  0.000e+00
 289.378736      5.654    19.8149  51.747372 2.5707e+01     3.9391      0.963    175.922    38.3279  0.000e+00
 289.378738      5.659    19.8147  51.746275 2.3701e+01     3.9312      0.919    175.567    38.3271  0.000e+00
 289.378741      5.647    19.8161  51.741519 2.3854e+01     3.9315      0.938    175.579    38.3219  0.000e+00
 289.378744      5.620    19.8171  51.732594 2.5266e+01     3.9524      0.908    176.512    38.3135  0.000e+00
 289.378747      5.583    19.8173  51.729449 2.7869e+01     3.9847      0.889    177.959    38.3108  0.000e+00
 289.378750      5.542    19.8171  51.729156 3.3441e+01     4.0170      0.935    179.401    38.3107  0.000e+00
 289.378753      5.500    19.8166  51.729448 3.5847e+01     4.0467      0.853    180.725    38.3114  0.000e+00
 289.378756      5.456    19.8167  51.729448 3.4694e+01     4.0589      0.956    181.270    38.3113  0.000e+00
 289.378759      5.415    19.8174  51.728424 3.2805e+01     4.0560      0.872    181.142    38.3098  0.000e+00
 289.378762      5.377    19.8181  51.727765 3.1501e+01     4.0372      0.843    180.300    38.3087  0.000e+00
 289.378764      5.337    19.8178  51.726375 3.5625e+01     4.0001      0.940    178.644    38.3078  0.000e+00
 289.378767      5.308    19.8170  51.724985 3.7822e+01     3.9534      0.896    176.559    38.3074  0.000e+00
 289.378770      5.299    19.8163  51.724693 3.7315e+01     3.9018      0.971    174.254    38.3078  0.000e+00
 289.378773      5.302    19.8161  51.729813 3.1754e+01     3.8638      0.946    172.557    38.3123  0.000e+00
 289.378776      5.331    19.8170  51.745980 2.6583e+01     3.8291      1.049    171.009    38.3249  0.000e+00
 289.378779      5.395    19.8203  51.751102 2.4323e+01     3.8198      0.944    170.594    38.3261  0.000e+00
 289.378782      5.485    19.8241  51.745614 2.5279e+01     3.8654      0.988    172.628    38.3180  0.000e+00
 289.378785      5.592    19.8242  51.742176 2.4739e+01     3.9741      1.030    177.482    38.3150  0.000e+00
 289.378788      5.692    19.8234  51.745250 2.6460e+01     4.1384      0.975    184.822    38.3183  0.000e+00
 289.378791      5.764    19.8231  51.745616 2.7255e+01     4.3181      0.963    192.846    38.3188  0.000e+00
 289.378793      5.786    19.8234  51.745982 2.6376e+01     4.4909      0.980    200.563    38.3188  0.000e+00
 289.378796      5.748    19.8234  51.745981 2.8593e+01     4.6382      0.839    207.141    38.3188  0.000e+00
 289.378799      5.634    19.8240  51.745615 3.4168e+01     4.7617      0.925    212.657    38.3181  0.000e+00
 289.378802      5.454    19.8241  51.745248 3.9356e+01     4.8447      0.853    216.363    38.3177  0.000e+00
 289.378805      5.262    19.8239  51.745613 3.7057e+01     4.8845      0.938    218.141    38.3183  0.000e+00
 289.378808      5.088    19.8242  51.746271 3.3871e+01     4.8877      1.024    218.284    38.3187  0.000e+00
 289.378811      4.996    19.8243  51.746636 3.0109e+01     4.8781      0.919    217.855    38.3189  0.000e+00
 289.378814      5.003    19.8245  51.745246 2.5868e+01     4.8618      0.956    217.127    38.3175  0.000e+00
 289.378817      5.133    19.8245  51.744588 2.5306e+01     4.8383      0.982    216.078    38.3169  0.000e+00
 289.378819      5.338    19.8241  51.748394 2.5946e+01     4.8185      1.091    215.194    38.3204  0.000e+00
 289.378822      5.577    19.8248  51.749053 2.4081e+01     4.8017      0.963    214.443    38.3202  0.000e+00
 289.378825      5.775    19.8259  51.748688 2.3223e+01     4.7891      0.952    213.882    38.3188  0.000e+00
 289.378828      5.912    19.8266  51.749054 2.1901e+01     4.7805      0.980    213.496    38.3184  0.000e+00
 289.378831      5.956    19.8271  51.748689 2.2504e+01     4.7721      1.053    213.124    38.3177  0.000e+00
 289.378834      5.899    19.8270  51.748689 2.4072e+01     4.7623      0.944    212.686    38.3178  0.000e+00
 289.378837      5.753    19.8270  51.748395 2.4306e+01     4.7540      0.830    212.312    38.3176  0.000e+00
 289.378840      5.568    19.8268  51.748028 2.4137e+01     4.7427      0.864    211.811    38.3175  0.000e+00
