Code_for_CTD/Code/CTD_measurements/CTD7708-20241016-MIR-3.cnv
* Sea-Bird SBE19plus Data File:
* FileName = C:\CTD\CTD7708-20241015-MIR-3.hex
* Software Version 1.59
* Temperature SN =  7708
* Conductivity SN =  7708
* System UpLoad Time = Oct 16 2024 08:32:29
* ds
* SBE 19plus V 3.1.8  SERIAL NO. 7708    16 Oct 2024 08:33:15
# nquan = 10
# nvalues = 1929                                  
# units = specified
# name 0 = timeJ: Julian Days
# name 1 = prdM: Pressure, Strain Gauge [db]
# name 2 = tv290C: Temperature [ITS-90, deg C]
# name 3 = c0mS/cm: Conductivity [mS/cm]
# name 4 = par: PAR/Irradiance, Biospherical/Licor
# name 5 = sbeox0ML/L: Oxygen, SBE 43 [ml/l]
# name 6 = seaTurbMtr: Turbidity, Seapoint [FTU]
# name 7 = sbeox0Mm/L: Oxygen, SBE 43 [umol/l]
# name 8 = sal00: Salinity, Practical [PSU]
# name 9 = flag:  0.000e+00
# span 0 = 290.346933, 290.352512                 
# span 1 =     -0.068,     87.635                 
# span 2 =    16.1804,    20.1594                 
# span 3 =   0.002190,  52.080590                 
# span 4 = 1.0000e-12, 1.0919e+02                 
# span 5 =     3.6841,     5.6841                 
# span 6 =      0.004,    119.938                 
# span 7 =    164.533,    253.850                 
# span 8 =     0.0102,    38.4890                 
# span 9 = 0.0000e+00, 0.0000e+00                 
# interval = seconds: 0.25
# start_time = Oct 16 2024 08:19:35 [Instrument's time stamp, header]
# bad_flag = -9.990e-29
*END*
[from data line 1874]
 290.352355      0.311    20.1432  52.051804 1.0287e+02     4.7028      8.452    210.029    38.2832  0.000e+00
 290.352358      0.146    20.1431  51.932456 1.0582e+02     4.7078     11.328    210.251    38.1844  0.000e+00
 290.352361      0.045    20.1429  51.982584 1.0541e+02     4.7062      3.155    210.179    38.2262  0.000e+00
 290.352364      0.014    20.1429  52.022028 1.0455e+02     4.7083     40.055    210.274    38.2589  0.000e+00
 290.352367      0.049    20.1430  52.046962 1.0509e+02     4.7033     20.302    210.051    38.2795  0.000e+00
 290.352370      0.188    20.1427  52.049383 1.0641e+02     4.6951     10.754    209.682    38.2817  0.000e+00
 290.352373      0.333    20.1424  50.408759 1.0776e+02     4.7070      3.830    210.214    36.9255  0.000e+00
 290.352376      0.471    20.1423  52.014771 1.0919e+02     4.6248      3.866    206.544    38.2532  0.000e+00
 290.352378      0.638    20.1423  52.052832 1.0311e+02     4.5703      1.879    204.109    38.2847  0.000e+00
 290.352381      0.784    20.1426  52.053200 6.4252e+01     4.5189      1.268    201.813    38.2847  0.000e+00
 290.352384      0.898    20.1430  52.053200 5.0826e+01     4.4967      1.085    200.823    38.2843  0.000e+00
 290.352387      0.949    20.1431  52.053201 4.6824e+01     4.4907      1.061    200.556    38.2842  0.000e+00
 290.352390      0.926    20.1433  52.052834 4.5572e+01     4.5116      1.501    201.489    38.2837  0.000e+00
 290.352393      0.817    20.1434  52.052833 6.6048e+01     4.5374      1.085    202.639    38.2836  0.000e+00
 290.352396      0.665    20.1435  52.052832 9.1890e+01     4.5704     46.248    204.112    38.2836  0.000e+00
 290.352399      0.496    20.1435  52.052465 1.0012e+02     4.6063    107.691    205.718    38.2834  0.000e+00
 290.352402      0.337    20.1432  52.042416 1.0211e+02     4.6364     48.262    207.060    38.2754  0.000e+00
 290.352405      0.199    20.1430  51.736975 1.0188e+02     4.6625     65.024    208.228    38.0225  0.000e+00
 290.352407      0.116    20.1428  52.040728 1.0163e+02     4.6640     27.188    208.296    38.2745  0.000e+00
 290.352410      0.092    20.1424  52.045202 1.0188e+02     4.6648     14.149    208.329    38.2785  0.000e+00
 290.352413      0.208    20.1426  52.041389 1.0177e+02     4.6652      5.011    208.348    38.2751  0.000e+00
 290.352416      0.415    20.1429  52.049384 1.0204e+02     4.6645      2.209    208.314    38.2814  0.000e+00
 290.352419      0.628    20.1428  52.046598 8.8219e+01     4.6419      1.402    207.305    38.2791  0.000e+00
 290.352422      0.809    20.1428  52.045205 5.4199e+01     4.6014      1.274    205.500    38.2779  0.000e+00
 290.352425      0.940    20.1426  52.048653 4.2550e+01     4.5443      1.480    202.946    38.2809  0.000e+00
 290.352428      0.994    20.1426  52.051441 4.0310e+01     4.4713      1.591    199.686    38.2832  0.000e+00
 290.352431      0.963    20.1427  52.050780 4.0575e+01     4.3953      1.972    196.293    38.2826  0.000e+00
 290.352433      0.813    20.1429  52.050779 6.1954e+01     4.3245      1.770    193.131    38.2824  0.000e+00
 290.352436      0.596    20.1426  52.050045 8.6692e+01     4.2532      4.759    189.949    38.2822  0.000e+00
 290.352439      0.376    20.1424  52.050044 9.3657e+01     4.1918     14.055    187.206    38.2824  0.000e+00
 290.352442      0.242    20.1424  52.050043 9.5089e+01     4.1463     19.394    185.173    38.2825  0.000e+00
 290.352445      0.206    20.1424  52.049163 9.5796e+01     4.1060     97.028    183.375    38.2818  0.000e+00
 290.352448      0.201    20.1419  52.049016 9.7484e+01     4.0725     63.672    181.879    38.2821  0.000e+00
 290.352451      0.259    20.1411  52.049383 9.9236e+01     4.0526     10.100    180.990    38.2831  0.000e+00
 290.352454      0.328    20.1407  51.990943 1.0012e+02     4.0388      3.593    180.373    38.2350  0.000e+00
 290.352457      0.353    20.1409  51.992263 1.0024e+02     4.0468      2.111    180.728    38.2359  0.000e+00
 290.352459      0.360    20.1417  51.951876 9.9079e+01     4.0739      1.659    181.942    38.2017  0.000e+00
 290.352462      0.351    20.1418  52.038969 9.7261e+01     4.1261      2.546    184.270    38.2738  0.000e+00
 290.352465      0.284    20.1420  52.048357 9.5847e+01     4.1826      8.385    186.796    38.2815  0.000e+00
 290.352468      0.159    20.1417  52.047989 9.3130e+01     4.2313     40.099    188.971    38.2815  0.000e+00
 290.352471      0.032    20.1414  52.023788 9.0187e+01     4.2590      7.191    190.206    38.2617  0.000e+00
 290.352474      0.014    20.1409  51.978846 8.6860e+01     4.2673    114.330    190.577    38.2249  0.000e+00
 290.352477      0.018    20.1411  51.968804 8.4367e+01     4.2797    119.867    191.130    38.2164  0.000e+00
 290.352480      0.014    20.1417  52.034494 8.2832e+01     4.3057    105.228    192.293    38.2703  0.000e+00
 290.352483      0.013    20.1421  51.996440 8.0739e+01     4.3638     42.718    194.886    38.2384  0.000e+00
 290.352486      0.011    20.1422  51.996440 7.8421e+01     4.4329      3.851    197.975    38.2383  0.000e+00
 290.352488      0.011    20.1427  52.024154 7.6142e+01     4.5088      0.347    201.365    38.2608  0.000e+00
 290.352491      0.013    20.1431  52.051069 7.2763e+01     4.5817      0.050    204.617    38.2827  0.000e+00
 290.352494      0.011    20.1430  52.050775 6.9215e+01     4.6448      0.032    207.438    38.2827  0.000e+00
 290.352497      0.011    20.1431  52.030681 6.9300e+01     4.6918      0.046    209.534    38.2659  0.000e+00
 290.352500      0.011    20.1432  52.035154 7.3214e+01     4.7076      0.004    210.242    38.2695  0.000e+00
 290.352503      0.011    20.1431  51.332521 9.2737e+01     4.7297      0.021    211.229    37.6878  0.000e+00
 290.352506      0.014    20.1424  15.388991 1.0086e+02     5.5676     49.762    248.648    10.0025  0.000e+00
 290.352509      0.016    20.1418  11.255661 1.0287e+02     5.6569     73.323    252.635     7.1316  0.000e+00
 290.352512      0.011    20.1408   9.763307 1.0342e+02     5.6841     14.059    253.850     6.1183  0.000e+00
